iteration,train_error,test_error
0, 0.730685558265, 0.737540632361
1, 0.646399456327, 0.652855510362
2, 0.571828632087, 0.577909150059
3, 0.505826894177, 0.511553773749
4, 0.447395795288, 0.452789536235
5, 0.395661911269, 0.400741754858
6, 0.349858477103, 0.354642529371
7, 0.309310326773, 0.313815643336
8, 0.273421440824, 0.277664122422
9, 0.241664667619, 0.245659917687
10, 0.213572978403, 0.217335164323
11, 0.188732123323, 0.192274837678
12, 0.166774317909, 0.170110403748
13, 0.147372834557, 0.150514443485
14, 0.130237317217, 0.133195935706
15, 0.115109663423, 0.117896150707
16, 0.101760448447, 0.104385066059
17, 0.0899857753235, 0.0924582222812
18, 0.0796044605247, 0.0819338894221
19, 0.0704555805592, 0.0726506402713
20, 0.0623962372895, 0.064465080814
21, 0.0552996301388, 0.0572499504519
22, 0.0490532704092, 0.0508923232111
23, 0.0435574428919, 0.0452920631148
24, 0.0387237943314, 0.040360422845
25, 0.0344740934554, 0.0360187919888
26, 0.0307391083358, 0.0321975827875
27, 0.0274575902231, 0.0288352107295
28, 0.0245754143309, 0.02587722902
29, 0.0220447649314, 0.0232755225063
30, 0.0198234158534, 0.0209875786298
31, 0.0178741076802, 0.0189758694554
32, 0.0161639777192, 0.0172072734352
33, 0.0146640579946, 0.0156525866687
34, 0.0133488223552, 0.0142860534962
35, 0.0121957910742, 0.0130849825495
36, 0.0111851760571, 0.0120293834473
37, 0.0102995671956, 0.0111016567969
38, 0.00952364900483, 0.01028630955
39, 0.00884395998331, 0.00956971098807
40, 0.00824866557073, 0.00893986911863
41, 0.00772737112113, 0.00838624125073
42, 0.00727094192481, 0.00789955527364
43, 0.00687136981283, 0.0074716692754
44, 0.00652161553494, 0.00709542257047
45, 0.00621550735659, 0.00676452538506
46, 0.00594763082194, 0.00647346094188
47, 0.0057132372273, 0.00621737253887
48, 0.00550816071548, 0.00599200337626
49, 0.00532875514304, 0.00579361580168
50, 0.00517181843324, 0.00561892440706
51, 0.00503454983244, 0.00546504975922
52, 0.00491449233868, 0.00532946099522
53, 0.0048094962098, 0.00520994069207
54, 0.00471768012531, 0.00510454017947
55, 0.00463739287045, 0.0050115504029
56, 0.00456719257389, 0.00492947120405
57, 0.00450581380405, 0.00485698536938
58, 0.00445215262027, 0.00479293745544
59, 0.0044052393713, 0.00473631248843
60, 0.00436422825277, 0.00468622133655
61, 0.00432837741619, 0.00464187919805
62, 0.00429703908983, 0.00460260316659
63, 0.00426964517465, 0.00456778771755
64, 0.004245702125, 0.00453690544548
65, 0.00422477342678, 0.00450948924809
66, 0.00420648107275, 0.00448513173661
67, 0.00419049321335, 0.00446347350922
68, 0.00417651936998, 0.00444419850001
69, 0.00416430622807, 0.00442702935337
70, 0.00415363223634, 0.00441172234476
71, 0.00414430323694, 0.00439806199351
72, 0.00413615010229, 0.00438586009829
73, 0.00412902356305, 0.00437494809745
74, 0.00412279502162, 0.00436518192271
75, 0.00411735123244, 0.00435642977661
76, 0.00411259292624, 0.00434857893942
77, 0.00410843353176, 0.00434152797359
78, 0.00410479845666, 0.00433519086033
79, 0.00410161986836, 0.00432948652812
80, 0.00409884155557, 0.00432434604306
81, 0.00409641214488, 0.00431970969663
82, 0.00409428841704, 0.0043155216679
83, 0.00409243147769, 0.00431173580003
84, 0.00409080742019, 0.00430830800884
85, 0.0040893863723, 0.00430520127934
86, 0.00408814370578, 0.00430238316326
87, 0.00408705659649, 0.00429982197246
88, 0.00408610468837, 0.00429749306917
89, 0.00408527187233, 0.00429537275303
90, 0.00408454259901, 0.00429344029431
91, 0.00408390398218, 0.00429167596744
92, 0.00408334462947, 0.00429006485382
93, 0.00408285415423, 0.00428859060037
94, 0.00408242408042, 0.00428724065962
95, 0.00408204658879, 0.00428600418333
96, 0.00408171493543, 0.00428486867612
97, 0.00408142479454, 0.00428382694996
98, 0.00408116891197, 0.00428286851087
99, 0.00408094379701, 0.00428198698093
100, 0.00408074561341, 0.00428117381662
101, 0.00408057063894, 0.00428042535894
102, 0.0040804165125, 0.00427973450142
103, 0.00408027993432, 0.00427909527765
104, 0.00408015891315, 0.00427850550072
105, 0.00408005172354, 0.00427795904875
106, 0.00407995701975, 0.00427745380431
107, 0.00407987197473, 0.00427698575719
108, 0.00407979667411, 0.00427655045562
109, 0.00407972881184, 0.00427614795434
110, 0.00407966832967, 0.00427577258677
111, 0.00407961320273, 0.00427542473182
112, 0.00407956425574, 0.00427510005642
113, 0.00407951915272, 0.00427479902954
114, 0.00407947856721, 0.00427451785415
115, 0.00407944128616, 0.00427425622211
116, 0.00407940719799, 0.00427401212243
117, 0.00407937606195, 0.00427378315217
118, 0.00407934696818, 0.00427357031813
119, 0.0040793200285, 0.00427337042967
120, 0.00407929485272, 0.00427318372505
121, 0.00407927149547, 0.00427300952281
122, 0.00407924890992, 0.0042728461576
123, 0.0040792281472, 0.0042726923882
124, 0.004079208014, 0.0042725493589
125, 0.0040791893202, 0.00427241379788
126, 0.0040791708758, 0.00427228686174
127, 0.00407915335873, 0.00427216839838
128, 0.00407913650044, 0.00427205567711
129, 0.00407911995204, 0.00427195048192
130, 0.00407910419512, 0.00427185000765
131, 0.00407908821911, 0.00427175647144
132, 0.00407907344625, 0.00427166812774
133, 0.00407905866566, 0.00427158494708
134, 0.00407904387008, 0.00427150507037
135, 0.00407902968462, 0.00427143031008
136, 0.00407901551335, 0.00427135938868
137, 0.00407900168444, 0.00427129185798
138, 0.00407898786853, 0.00427122804717
139, 0.00407897404351, 0.00427116775085
140, 0.00407896046532, 0.00427110973182
141, 0.00407894661953, 0.00427105473698
142, 0.00407893341695, 0.00427100287102
143, 0.00407892040213, 0.00427095275332
144, 0.00407890717561, 0.00427090505531
145, 0.00407889416589, 0.00427085968837
146, 0.00407888087721, 0.00427081629444
147, 0.00407886776206, 0.00427077461866
148, 0.00407885506529, 0.0042707344491
149, 0.00407884199888, 0.00427069625162
150, 0.00407882907751, 0.00427065855741
151, 0.00407881593235, 0.0042706232813
152, 0.00407880338308, 0.00427058935376
153, 0.00407879034308, 0.00427055619727
154, 0.00407877760637, 0.00427052387345
155, 0.00407876505334, 0.00427049372656
156, 0.00407875174955, 0.00427046355221
157, 0.00407873933813, 0.00427043480964
158, 0.00407872622365, 0.00427040606882
159, 0.0040787135458, 0.00427037916984
160, 0.00407870081669, 0.00427035215811
161, 0.00407868806435, 0.0042703266443
162, 0.00407867524672, 0.00427030195132
163, 0.00407866270598, 0.00427027709773
164, 0.00407864969887, 0.00427025309743
165, 0.00407863724046, 0.0042702305099
166, 0.00407862429794, 0.00427020670381
167, 0.00407861149286, 0.00427018457165
168, 0.00407859878244, 0.00427016295836
169, 0.00407858616453, 0.00427014005715
170, 0.00407857329567, 0.00427011862921
171, 0.00407856071448, 0.00427009803828
172, 0.00407854817294, 0.00427007699152
173, 0.00407853530359, 0.00427005714064
174, 0.00407852245579, 0.00427003700594
175, 0.00407850989472, 0.00427001752341
176, 0.0040784972584, 0.00426999729308
177, 0.00407848465231, 0.00426997783175
178, 0.00407847166559, 0.00426995895051
179, 0.00407845909955, 0.00426994046906
180, 0.00407844638544, 0.00426992233636
181, 0.00407843340434, 0.00426990353221
182, 0.00407842109432, 0.00426988458526
183, 0.00407840834027, 0.00426986751889
184, 0.00407839561009, 0.00426984883831
185, 0.00407838307423, 0.00426983052578
186, 0.00407837014301, 0.00426981361579
187, 0.00407835733601, 0.00426979570405
188, 0.00407834478549, 0.0042697786113
189, 0.00407833205738, 0.00426976199345
190, 0.00407831918148, 0.00426974370297
191, 0.00407830658603, 0.00426972697843
192, 0.00407829392923, 0.00426970965825
193, 0.0040782808097, 0.00426969328539
194, 0.00407826858496, 0.00426967555938
195, 0.00407825633457, 0.0042696588001
196, 0.00407824317135, 0.00426964221484
197, 0.00407823047836, 0.00426962560761
198, 0.00407821781811, 0.00426960843932
199, 0.00407820509556, 0.00426959177519
200, 0.00407819243639, 0.0042695751474
201, 0.00407817946277, 0.00426955866426
202, 0.00407816717339, 0.00426954252208
203, 0.0040781546715, 0.00426952608387
204, 0.00407814193955, 0.0042695099362
205, 0.00407812888658, 0.00426949383032
206, 0.0040781161361, 0.00426947721269
207, 0.00407810344764, 0.00426946159035
208, 0.00407809078585, 0.00426944445991
209, 0.00407807831974, 0.00426942817543
210, 0.0040780653446, 0.00426941210151
211, 0.00407805258779, 0.00426939548418
212, 0.00407804006006, 0.00426937881302
213, 0.0040780271999, 0.00426936329464
214, 0.00407801493514, 0.00426934690153
215, 0.00407800193413, 0.00426933023956
216, 0.00407798921091, 0.00426931434258
217, 0.00407797662174, 0.00426929800256
218, 0.00407796392598, 0.00426928124199
219, 0.0040779511028, 0.00426926587686
220, 0.00407793835242, 0.00426925016512
221, 0.00407792627206, 0.0042692340818
222, 0.00407791307873, 0.00426921807324
223, 0.00407790016965, 0.00426920185207
224, 0.00407788774766, 0.00426918590588
225, 0.00407787516656, 0.00426917002623
226, 0.00407786215379, 0.00426915384843
227, 0.0040778494023, 0.00426913784368
228, 0.00407783683906, 0.00426912136659
229, 0.00407782437063, 0.00426910589789
230, 0.00407781157079, 0.00426909046443
231, 0.00407779899685, 0.00426907438937
232, 0.00407778626129, 0.004269057931
233, 0.00407777342144, 0.00426904271312
234, 0.00407776071923, 0.0042690263706
235, 0.00407774798604, 0.00426900998321
236, 0.00407773545844, 0.00426899455534
237, 0.00407772281149, 0.00426897784087
238, 0.00407771027706, 0.00426896286544
239, 0.00407769724744, 0.0042689468542
240, 0.00407768474584, 0.00426893072352
241, 0.00407767187531, 0.00426891470409
242, 0.00407765915828, 0.00426889872391
243, 0.00407764652788, 0.00426888267487
244, 0.00407763407076, 0.00426886693766
245, 0.00407762120904, 0.00426885191891
246, 0.00407760845784, 0.00426883544375
247, 0.00407759596261, 0.00426881984512
248, 0.00407758326558, 0.00426880358438
249, 0.00407757054812, 0.00426878753934
250, 0.00407755819862, 0.00426877137673
251, 0.00407754497956, 0.00426875545224
252, 0.00407753254852, 0.00426873975974
253, 0.00407751984777, 0.00426872424777
254, 0.00407750736755, 0.00426870776398
255, 0.00407749428356, 0.00426869195832
256, 0.00407748198443, 0.00426867588654
257, 0.00407746909792, 0.00426866025387
258, 0.00407745608607, 0.00426864406066
259, 0.004077443632, 0.00426862788477
260, 0.00407743094387, 0.00426861288842
261, 0.00407741823334, 0.00426859581564
262, 0.00407740549096, 0.00426858095794
263, 0.00407739282657, 0.00426856467896
264, 0.00407738038999, 0.0042685484136
265, 0.00407736751078, 0.00426853296827
266, 0.00407735493302, 0.00426851710699
267, 0.00407734204654, 0.00426850057156
268, 0.00407732945497, 0.00426848557968
269, 0.00407731685071, 0.00426846913887
270, 0.0040773041466, 0.00426845334091
271, 0.00407729155558, 0.00426843805144
272, 0.00407727868692, 0.00426842125413
273, 0.00407726585635, 0.00426840557032
274, 0.00407725323761, 0.00426839019
275, 0.00407724081369, 0.0042683740905
276, 0.00407722806434, 0.00426835799251
277, 0.00407721527696, 0.00426834241442
278, 0.00407720271883, 0.00426832661274
279, 0.00407719012765, 0.00426831084946
280, 0.00407717740221, 0.00426829510228
281, 0.00407716489516, 0.00426827932102
282, 0.0040771520652, 0.00426826341116
283, 0.00407713909615, 0.00426824713176
284, 0.00407712658909, 0.00426823121472
285, 0.00407711408043, 0.00426821480104
286, 0.00407710111017, 0.00426820001536
287, 0.0040770889304, 0.00426818445132
288, 0.00407707600396, 0.00426816740836
289, 0.00407706341895, 0.0042681519148
290, 0.00407705049913, 0.00426813617829
291, 0.00407703768534, 0.00426812055421
292, 0.00407702508752, 0.00426810437158
293, 0.00407701255122, 0.00426808875163
294, 0.00407700005299, 0.00426807301651
295, 0.00407698720211, 0.00426805636448
296, 0.00407697422819, 0.0042680405001
297, 0.00407696172556, 0.00426802529707
298, 0.0040769493059, 0.00426800907714
299, 0.00407693656639, 0.00426799344452
300, 0.00407692357435, 0.00426797747182
301, 0.00407691074206, 0.0042679618601
302, 0.00407689848236, 0.00426794544011
303, 0.00407688575002, 0.00426792998759
304, 0.00407687309321, 0.0042679139998
305, 0.00407686065623, 0.00426789843113
306, 0.00407684776657, 0.00426788227543
307, 0.00407683506775, 0.00426786695826
308, 0.00407682255539, 0.00426785071574
309, 0.00407681001778, 0.00426783458996
310, 0.00407679705204, 0.00426781931031
311, 0.0040767846092, 0.00426780307476
312, 0.00407677184869, 0.00426778692302
313, 0.0040767593719, 0.00426777141423
314, 0.0040767463468, 0.00426775574582
315, 0.0040767337697, 0.0042677390613
316, 0.00407672135406, 0.00426772360802
317, 0.00407670856729, 0.00426770783118
318, 0.00407669527814, 0.00426769187733
319, 0.00407668317785, 0.0042676760483
320, 0.00407667060266, 0.00426766055424
321, 0.00407665787196, 0.00426764482838
322, 0.00407664501179, 0.00426762891632
323, 0.00407663270587, 0.00426761289528
324, 0.00407661995267, 0.00426759702235
325, 0.00407660708602, 0.00426758097556
326, 0.0040765946255, 0.00426756551711
327, 0.00407658174633, 0.00426754928954
328, 0.00407656888565, 0.00426753312403
329, 0.00407655656648, 0.00426751769741
330, 0.00407654415916, 0.00426750200687
331, 0.00407653101312, 0.00426748572608
332, 0.00407651867207, 0.00426746971563
333, 0.00407650580764, 0.00426745355183
334, 0.00407649314128, 0.00426743845533
335, 0.00407648081923, 0.00426742292741
336, 0.00407646752993, 0.00426740669323
337, 0.00407645555461, 0.00426739117388
338, 0.00407644258927, 0.00426737510498
339, 0.0040764298514, 0.00426735964977
340, 0.00407641714114, 0.00426734293089
341, 0.00407640457324, 0.00426732822361
342, 0.00407639192837, 0.00426731208333
343, 0.00407637893252, 0.00426729627131
344, 0.00407636648003, 0.00426728009231
345, 0.00407635408088, 0.00426726426945
346, 0.00407634141502, 0.00426724817694
347, 0.00407632871069, 0.00426723269748
348, 0.00407631590436, 0.00426721596351
349, 0.00407630327302, 0.00426720083247
350, 0.00407629083174, 0.0042671853834
351, 0.00407627774617, 0.00426716916674
352, 0.00407626554243, 0.00426715279452
353, 0.00407625283868, 0.00426713725353
354, 0.00407624010759, 0.004267121416
355, 0.00407622727559, 0.00426710617196
356, 0.00407621460474, 0.00426709070017
357, 0.00407620198594, 0.00426707414312
358, 0.00407618959848, 0.00426705765582
359, 0.00407617657359, 0.00426704158351
360, 0.00407616403124, 0.00426702670818
361, 0.00407615145645, 0.00426701068165
362, 0.00407613881101, 0.00426699515554
363, 0.00407612623549, 0.00426697892104
364, 0.00407611314776, 0.00426696277828
365, 0.00407610076477, 0.00426694720986
366, 0.00407608820378, 0.0042669319234
367, 0.00407607558179, 0.0042669162472
368, 0.00407606290543, 0.0042668994157
369, 0.00407605021113, 0.00426688371875
370, 0.00407603759326, 0.00426686755651
371, 0.00407602497691, 0.00426685179937
372, 0.00407601253444, 0.00426683586784
373, 0.00407599957918, 0.00426682076546
374, 0.00407598695472, 0.0042668054896
375, 0.00407597423074, 0.00426678937409
376, 0.00407596175817, 0.00426677252418
377, 0.00407594886767, 0.00426675726066
378, 0.00407593598137, 0.00426674118601
379, 0.00407592362074, 0.00426672572803
380, 0.00407591110518, 0.00426671007426
381, 0.00407589818298, 0.00426669461813
382, 0.00407588558446, 0.00426667837588
383, 0.00407587278772, 0.00426666179976
384, 0.00407586033085, 0.00426664598689
385, 0.00407584777219, 0.00426663026873
386, 0.00407583531335, 0.00426661519631
387, 0.00407582273756, 0.00426659880998
388, 0.00407580983597, 0.00426658321537
389, 0.00407579710908, 0.00426656692138
390, 0.00407578454092, 0.00426655145729
391, 0.00407577189229, 0.00426653537863
392, 0.00407575906276, 0.00426651975031
393, 0.00407574663338, 0.00426650426765
394, 0.0040757340168, 0.00426648838601
395, 0.00407572140376, 0.00426647179944
396, 0.00407570868393, 0.0042664560052
397, 0.00407569615755, 0.00426644038602
398, 0.00407568319124, 0.0042664247731
399, 0.00407567098295, 0.00426640895603
400, 0.00407565825989, 0.00426639287785
401, 0.00407564557659, 0.00426637731948
402, 0.00407563267891, 0.00426636179616
403, 0.00407562032345, 0.00426634550224
404, 0.00407560735573, 0.0042663300572
405, 0.00407559520584, 0.00426631356013
406, 0.0040755822129, 0.00426629743011
407, 0.00407556951994, 0.0042662823651
408, 0.0040755569636, 0.00426626668464
409, 0.0040755440343, 0.00426625076751
410, 0.00407553150857, 0.00426623445637
411, 0.00407551906397, 0.00426621905018
412, 0.0040755061201, 0.00426620365112
413, 0.00407549352049, 0.00426618682343
414, 0.00407548096553, 0.00426617197908
415, 0.00407546830295, 0.00426615609242
416, 0.00407545579985, 0.00426614017954
417, 0.00407544328379, 0.00426612438712
418, 0.0040754306146, 0.00426610787631
419, 0.00407541781774, 0.00426609194065
420, 0.00407540529747, 0.00426607637624
421, 0.00407539256252, 0.00426606077123
422, 0.0040753800952, 0.00426604484901
423, 0.00407536717371, 0.00426602881424
424, 0.00407535421963, 0.00426601348391
425, 0.00407534207317, 0.00426599744196
426, 0.00407532952979, 0.00426598133391
427, 0.00407531648956, 0.00426596613006
428, 0.00407530397169, 0.00426595000928
429, 0.00407529125475, 0.00426593384792
430, 0.00407527858056, 0.00426591852313
431, 0.00407526619614, 0.00426590185291
432, 0.00407525336664, 0.00426588789544
433, 0.00407524084441, 0.00426587086203
434, 0.00407522813948, 0.00426585470299
435, 0.0040752155496, 0.00426583956591
436, 0.004075202853, 0.00426582386819
437, 0.00407519077569, 0.00426580720092
438, 0.00407517785167, 0.00426579214926
439, 0.0040751652242, 0.00426577598437
440, 0.00407515247882, 0.00426576046741
441, 0.00407514004928, 0.0042657441833
442, 0.00407512728352, 0.00426572925954
443, 0.00407511464271, 0.00426571316889
444, 0.00407510202043, 0.00426569678921
445, 0.00407508930393, 0.00426568116481
446, 0.00407507703938, 0.00426566495968
447, 0.00407506395164, 0.00426564996947
448, 0.00407505090623, 0.00426563337685
449, 0.00407503877475, 0.00426561796135
450, 0.00407502625646, 0.00426560243887
451, 0.00407501336706, 0.00426558710306
452, 0.00407500085411, 0.00426557066795
453, 0.00407498832748, 0.00426555455691
454, 0.00407497568942, 0.00426553866309
455, 0.00407496299338, 0.00426552261461
456, 0.00407495029762, 0.00426550752577
457, 0.00407493764634, 0.0042654916162
458, 0.00407492508578, 0.00426547612673
459, 0.00407491272017, 0.00426545926664
460, 0.00407490008625, 0.00426544319835
461, 0.00407488742532, 0.0042654278523
462, 0.00407487473574, 0.00426541233338
463, 0.00407486197319, 0.00426539670103
464, 0.00407484929613, 0.00426538086177
465, 0.00407483700463, 0.00426536483523
466, 0.00407482388108, 0.00426534896364
467, 0.0040748114292, 0.00426533329456
468, 0.00407479894752, 0.00426531755081
469, 0.00407478634879, 0.00426530199857
470, 0.00407477359277, 0.00426528523324
471, 0.00407476117612, 0.00426527004179
472, 0.00407474813531, 0.00426525424314
473, 0.00407473596066, 0.00426523785685
474, 0.00407472314987, 0.00426522203419
475, 0.00407471050768, 0.00426520670215
476, 0.00407469774249, 0.00426519130972
477, 0.00407468525246, 0.00426517454098
478, 0.00407467256546, 0.00426515938588
479, 0.00407465998544, 0.00426514359059
480, 0.0040746470707, 0.00426512745388
481, 0.00407463440831, 0.00426511195064
482, 0.00407462220698, 0.00426509619189
483, 0.00407460970385, 0.00426508055533
484, 0.00407459709497, 0.00426506437157
485, 0.00407458417309, 0.00426504855979
486, 0.00407457143356, 0.00426503290058
487, 0.00407455878484, 0.00426501641757
488, 0.00407454620941, 0.00426500110341
489, 0.00407453384262, 0.00426498515912
490, 0.00407452110963, 0.00426496971666
491, 0.00407450886643, 0.0042649536107
492, 0.00407449611154, 0.00426493799772
493, 0.00407448308336, 0.00426492205352
494, 0.00407447067519, 0.00426490677507
495, 0.00407445809954, 0.0042648912497
496, 0.00407444514598, 0.00426487493246
497, 0.00407443282219, 0.00426485893507
498, 0.0040744200957, 0.00426484347992
499, 0.004074407646, 0.00426482730421
500, 0.00407439492007, 0.00426481143277
501, 0.00407438198101, 0.00426479618252
502, 0.00407436977315, 0.00426477971454
503, 0.00407435732917, 0.00426476414578
504, 0.00407434471099, 0.00426474812213
505, 0.00407433192986, 0.00426473263773
506, 0.00407431915175, 0.00426471643557
507, 0.00407430683215, 0.00426470111024
508, 0.00407429377004, 0.00426468589817
509, 0.00407428152114, 0.00426466952702
510, 0.00407426886098, 0.00426465373352
511, 0.00407425604279, 0.00426463735545
512, 0.00407424375886, 0.00426462241963
513, 0.00407423103091, 0.00426460582016
514, 0.00407421836975, 0.00426459057594
515, 0.00407420533114, 0.00426457477138
516, 0.00407419286095, 0.00426455861576
517, 0.00407418047272, 0.00426454314734
518, 0.0040741678852, 0.00426452688501
519, 0.00407415537098, 0.00426451166786
520, 0.00407414256264, 0.00426449504639
521, 0.00407412983959, 0.00426447962837
522, 0.00407411764868, 0.00426446457148
523, 0.00407410467748, 0.0042644480816
524, 0.00407409211967, 0.0042644326874
525, 0.00407408013392, 0.00426441733958
526, 0.00407406738157, 0.00426440101817
527, 0.00407405473601, 0.00426438586779
528, 0.00407404173452, 0.00426436966822
529, 0.0040740293093, 0.00426435328331
530, 0.00407401640224, 0.00426433869089
531, 0.00407400392451, 0.00426432201138
532, 0.0040739910772, 0.0042643065271
533, 0.00407397840329, 0.00426429036739
534, 0.00407396605871, 0.00426427484387
535, 0.00407395358864, 0.00426425873868
536, 0.00407394060808, 0.00426424311297
537, 0.00407392819355, 0.00426422723335
538, 0.00407391569418, 0.00426421130478
539, 0.0040739029538, 0.00426419530937
540, 0.00407389034927, 0.00426417953538
541, 0.00407387779408, 0.0042641636654
542, 0.00407386534525, 0.00426414903064
543, 0.00407385242623, 0.0042641328514
544, 0.00407383992822, 0.00426411646089
545, 0.00407382759809, 0.00426410148589
546, 0.00407381482361, 0.00426408516812
547, 0.00407380217242, 0.00426406931441
548, 0.00407378947415, 0.00426405386694
549, 0.00407377712808, 0.00426403796433
550, 0.00407376430449, 0.00426402223983
551, 0.0040737517025, 0.00426400655462
552, 0.00407373930783, 0.00426399008127
553, 0.00407372662673, 0.00426397477945
554, 0.00407371381316, 0.00426395952421
555, 0.00407370139872, 0.00426394346438
556, 0.00407368863339, 0.00426392699618
557, 0.00407367606748, 0.00426391214872
558, 0.00407366339592, 0.00426389541287
559, 0.00407365085567, 0.00426388036069
560, 0.00407363806842, 0.00426386346913
561, 0.004073626056, 0.00426384849799
562, 0.00407361344319, 0.00426383287705
563, 0.00407360048835, 0.00426381628706
564, 0.00407358787905, 0.00426380080325
565, 0.00407357496114, 0.00426378554954
566, 0.00407356239231, 0.00426376981073
567, 0.00407355008306, 0.00426375383063
568, 0.00407353765967, 0.00426373735588
569, 0.00407352469316, 0.00426372299666
570, 0.00407351234204, 0.00426370641678
571, 0.00407349983104, 0.00426369105747
572, 0.00407348670899, 0.00426367459525
573, 0.00407347437073, 0.0042636595872
574, 0.00407346181103, 0.00426364349964
575, 0.00407344928684, 0.00426362785511
576, 0.00407343653047, 0.00426361171426
577, 0.00407342387556, 0.00426359621352
578, 0.00407341144564, 0.00426358028271
579, 0.00407339879626, 0.00426356477176
580, 0.00407338621061, 0.00426354860834
581, 0.00407337368856, 0.00426353311892
582, 0.00407336125775, 0.00426351693671
583, 0.00407334863751, 0.00426350120057
584, 0.00407333610642, 0.00426348563171
585, 0.00407332366894, 0.00426347032705
586, 0.00407331110338, 0.00426345386817
587, 0.00407329800275, 0.00426343846068
588, 0.00407328563421, 0.00426342273273
589, 0.00407327294534, 0.00426340704556
590, 0.0040732605756, 0.00426339188659
591, 0.00407324776769, 0.00426337517063
592, 0.00407323540123, 0.00426335920758
593, 0.00407322254496, 0.00426334354557
594, 0.00407321002575, 0.0042633277016
595, 0.00407319733547, 0.00426331248904
596, 0.00407318469016, 0.00426329673013
597, 0.00407317226495, 0.00426328082327
598, 0.00407315964732, 0.00426326534671
599, 0.00407314714494, 0.00426324933138
600, 0.00407313459935, 0.00426323354454
601, 0.00407312156477, 0.00426321791025
602, 0.00407310908743, 0.00426320169479
603, 0.00407309651023, 0.00426318563217
604, 0.00407308379455, 0.00426317019649
605, 0.00407307118203, 0.00426315489867
606, 0.00407305903269, 0.00426313892748
607, 0.00407304640947, 0.00426312311511
608, 0.00407303372689, 0.0042631072243
609, 0.00407302127863, 0.00426309182886
610, 0.00407300847218, 0.00426307632103
611, 0.00407299600022, 0.00426306040585
612, 0.00407298355876, 0.00426304454722
613, 0.00407297075848, 0.00426302870656
614, 0.00407295840433, 0.00426301310228
615, 0.0040729454464, 0.00426299616172
616, 0.00407293323716, 0.00426298104921
617, 0.00407292031181, 0.00426296591429
618, 0.00407290781392, 0.00426295042399
619, 0.00407289521976, 0.00426293438955
620, 0.00407288288315, 0.00426291782886
621, 0.00407286999636, 0.0042629023271
622, 0.00407285713327, 0.00426288637197
623, 0.00407284505527, 0.00426287001546
624, 0.00407283218608, 0.00426285511219
625, 0.00407282000411, 0.00426283938996
626, 0.00407280700019, 0.00426282328934
627, 0.00407279444723, 0.00426280765014
628, 0.00407278193587, 0.00426279225366
629, 0.00407276943199, 0.00426277635068
630, 0.00407275644802, 0.00426276096564
631, 0.00407274422706, 0.00426274471939
632, 0.00407273175023, 0.00426272938122
633, 0.00407271888136, 0.00426271292431
634, 0.00407270657333, 0.0042626983221
635, 0.00407269375602, 0.00426268178699
636, 0.00407268119831, 0.00426266616212
637, 0.00407266889198, 0.00426265071327
638, 0.00407265597855, 0.00426263456095
639, 0.00407264379471, 0.00426261871206
640, 0.00407263094248, 0.00426260321815
641, 0.00407261839667, 0.00426258718981
642, 0.00407260579605, 0.00426257172442
643, 0.00407259334784, 0.00426255586794
644, 0.00407258085305, 0.00426253996778
645, 0.0040725680363, 0.00426252445212
646, 0.00407255536505, 0.00426250833865
647, 0.00407254298227, 0.00426249314708
648, 0.00407253009758, 0.00426247644627
649, 0.00407251773126, 0.00426246042981
650, 0.00407250530476, 0.00426244575108
651, 0.00407249254541, 0.00426242957574
652, 0.00407247992304, 0.00426241389858
653, 0.00407246750859, 0.00426239848852
654, 0.0040724552424, 0.00426238241765
655, 0.00407244247277, 0.00426236663702
656, 0.00407242970906, 0.00426235096767
657, 0.00407241712865, 0.00426233556074
658, 0.00407240433044, 0.00426231935554
659, 0.00407239198153, 0.00426230387983
660, 0.00407237934011, 0.00426228900558
661, 0.0040723667648, 0.00426227233049
662, 0.00407235440116, 0.00426225606033
663, 0.00407234168672, 0.00426224119753
664, 0.00407232920468, 0.00426222539312
665, 0.00407231643301, 0.00426220938867
666, 0.0040723038149, 0.00426219383715
667, 0.00407229136902, 0.00426217864355
668, 0.00407227839446, 0.00426216251888
669, 0.00407226640437, 0.00426214658928
670, 0.00407225377446, 0.00426213068311
671, 0.00407224109199, 0.00426211605602
672, 0.00407222852621, 0.00426209936223
673, 0.00407221577941, 0.00426208384521
674, 0.00407220361037, 0.00426206751721
675, 0.00407219094916, 0.00426205218774
676, 0.00407217831008, 0.00426203600016
677, 0.00407216576986, 0.00426202038494
678, 0.00407215267041, 0.00426200490915
679, 0.00407214043825, 0.00426198889903
680, 0.00407212800335, 0.00426197343822
681, 0.00407211508833, 0.00426195727263
682, 0.00407210291465, 0.00426194169185
683, 0.0040720901864, 0.00426192580207
684, 0.00407207730856, 0.00426190960563
685, 0.00407206507783, 0.00426189439402
686, 0.00407205241394, 0.00426187893052
687, 0.00407203999537, 0.00426186328905
688, 0.00407202732844, 0.00426184748162
689, 0.00407201487319, 0.00426183140624
690, 0.00407200237419, 0.00426181581197
691, 0.00407198969195, 0.00426180000611
692, 0.00407197697867, 0.00426178447717
693, 0.00407196446248, 0.00426176903068
694, 0.00407195220214, 0.00426175281923
695, 0.00407193937984, 0.00426173730568
696, 0.00407192654076, 0.00426172127004
697, 0.00407191409468, 0.00426170559711
698, 0.00407190183631, 0.00426168945103
699, 0.0040718892135, 0.0042616744245
700, 0.00407187699202, 0.00426165870285
701, 0.00407186389009, 0.00426164270662
702, 0.00407185156549, 0.00426162707878
703, 0.00407183885291, 0.00426161166623
704, 0.00407182636917, 0.00426159585514
705, 0.00407181363017, 0.0042615790538
706, 0.00407180110967, 0.00426156368007
707, 0.00407178857805, 0.00426154811435
708, 0.00407177599249, 0.00426153264299
709, 0.00407176364671, 0.00426151648629
710, 0.0040717510651, 0.00426150104451
711, 0.00407173823523, 0.00426148585586
712, 0.00407172577169, 0.00426146954514
713, 0.00407171334583, 0.00426145361371
714, 0.00407170083018, 0.00426143785669
715, 0.00407168837878, 0.00426142271499
716, 0.00407167583081, 0.00426140622539
717, 0.00407166290407, 0.00426139095189
718, 0.00407165030594, 0.00426137510525
719, 0.00407163783325, 0.00426135976979
720, 0.00407162507543, 0.00426134393548
721, 0.0040716129774, 0.00426132851482
722, 0.00407160029066, 0.00426131241385
723, 0.00407158753398, 0.00426129623848
724, 0.00407157519219, 0.004261281092
725, 0.00407156256114, 0.00426126545428
726, 0.0040715498399, 0.00426124960762
727, 0.00407153729825, 0.00426123327902
728, 0.00407152462896, 0.00426121755764
729, 0.00407151216495, 0.00426120201683
730, 0.00407149973033, 0.00426118638309
731, 0.00407148720887, 0.0042611706321
732, 0.00407147469831, 0.00426115542884
733, 0.00407146206515, 0.00426113924763
734, 0.00407144963832, 0.00426112461361
735, 0.00407143682939, 0.00426110787998
736, 0.0040714245795, 0.00426109215032
737, 0.0040714115284, 0.00426107690694
738, 0.00407139946416, 0.00426106096359
739, 0.00407138662732, 0.00426104460311
740, 0.00407137426534, 0.00426102961197
741, 0.00407136188174, 0.00426101306861
742, 0.00407134920113, 0.0042609977757
743, 0.00407133632914, 0.00426098203385
744, 0.00407132396097, 0.00426096596968
745, 0.0040713112454, 0.00426095077877
746, 0.00407129925058, 0.00426093526915
747, 0.00407128626361, 0.00426091926553
748, 0.00407127408709, 0.00426090350895
749, 0.00407126127532, 0.00426088754352
750, 0.00407124898838, 0.00426087252767
751, 0.00407123601084, 0.00426085638357
752, 0.00407122370221, 0.00426084065315
753, 0.00407121079729, 0.00426082488581
754, 0.0040711985094, 0.00426080956905
755, 0.00407118583648, 0.0042607937772
756, 0.00407117327918, 0.00426077780457
757, 0.00407116079402, 0.00426076175245
758, 0.00407114818585, 0.00426074671143
759, 0.00407113581843, 0.00426073095481
760, 0.00407112296986, 0.00426071481055
761, 0.00407111065351, 0.00426069942855
762, 0.00407109785055, 0.00426068360828
763, 0.00407108518242, 0.00426066794445
764, 0.00407107274941, 0.00426065219617
765, 0.00407106030981, 0.00426063726498
766, 0.00407104788301, 0.00426062070816
767, 0.00407103502339, 0.00426060487895
768, 0.00407102287943, 0.00426058872579
769, 0.00407101037385, 0.00426057329098
770, 0.00407099758732, 0.00426055816856
771, 0.00407098521119, 0.00426054212022
772, 0.00407097221667, 0.0042605260971
773, 0.00407096012203, 0.00426051099662
774, 0.00407094775475, 0.004260494854
775, 0.00407093483922, 0.00426047905543
776, 0.00407092201439, 0.00426046365073
777, 0.00407090992252, 0.00426044839609
778, 0.00407089706659, 0.00426043229185
779, 0.00407088433412, 0.00426041635173
780, 0.00407087215906, 0.004260400962
781, 0.00407085982954, 0.00426038534456
782, 0.00407084705312, 0.0042603691198
783, 0.00407083466729, 0.00426035339593
784, 0.00407082185244, 0.00426033857831
785, 0.0040708093792, 0.00426032279588
786, 0.0040707971392, 0.00426030644301
787, 0.00407078418861, 0.00426029043827
788, 0.00407077199717, 0.0042602748641
789, 0.00407075929471, 0.004260259389
790, 0.00407074680712, 0.00426024280279
791, 0.00407073434489, 0.00426022784904
792, 0.00407072164165, 0.00426021280795
793, 0.00407070909575, 0.00426019630987
794, 0.00407069642539, 0.00426018037614
795, 0.00407068396475, 0.00426016478906
796, 0.00407067154999, 0.00426014900215
797, 0.00407065900231, 0.00426013396343
798, 0.00407064634255, 0.00426011882431
799, 0.00407063346152, 0.00426010182317
800, 0.00407062140603, 0.00426008597318
801, 0.00407060892258, 0.00426007064875
802, 0.00407059621439, 0.00426005493111
803, 0.00407058371741, 0.00426003912063
804, 0.00407057116702, 0.00426002347826
805, 0.00407055883844, 0.00426000818299
806, 0.00407054596748, 0.00425999258105
807, 0.00407053351778, 0.00425997625364
808, 0.00407052102864, 0.00425996076629
809, 0.00407050844019, 0.00425994517375
810, 0.00407049583676, 0.00425992964124
811, 0.00407048357641, 0.00425991402592
812, 0.00407047061992, 0.0042598977718
813, 0.00407045829992, 0.00425988255999
814, 0.00407044575373, 0.00425986616453
815, 0.00407043315265, 0.00425985065203
816, 0.00407042114106, 0.00425983514999
817, 0.00407040867605, 0.00425981993696
818, 0.004070395814, 0.00425980371487
819, 0.00407038321088, 0.00425978815712
820, 0.00407037065007, 0.00425977255104
821, 0.00407035823503, 0.00425975647184
822, 0.00407034532755, 0.00425974076319
823, 0.00407033289794, 0.00425972540653
824, 0.00407032050362, 0.00425970925449
825, 0.00407030796942, 0.00425969394999
826, 0.00407029518486, 0.00425967806269
827, 0.00407028278294, 0.00425966265415
828, 0.00407027036479, 0.00425964752554
829, 0.00407025776198, 0.00425963089763
830, 0.00407024545021, 0.0042596156565
831, 0.00407023273429, 0.00425960000762
832, 0.00407022020365, 0.00425958421258
833, 0.0040702073337, 0.00425956834317
834, 0.00407019509333, 0.00425955266769
835, 0.00407018265927, 0.00425953676486
836, 0.00407017026369, 0.00425952123113
837, 0.00407015744058, 0.00425950540792
838, 0.00407014538939, 0.00425948992837
839, 0.00407013248077, 0.00425947407619
840, 0.00407012009167, 0.00425945882664
841, 0.00407010731992, 0.00425944254806
842, 0.00407009498347, 0.00425942726755
843, 0.00407008236607, 0.0042594116636
844, 0.00407006960209, 0.00425939526305
845, 0.00407005732265, 0.00425938063359
846, 0.00407004454463, 0.00425936492256
847, 0.00407003224452, 0.00425934888632
848, 0.00407001969589, 0.00425933300911
849, 0.004070007251, 0.00425931735953
850, 0.00406999469477, 0.00425930127474
851, 0.00406998209096, 0.00425928569333
852, 0.0040699697001, 0.00425927024077
853, 0.00406995732921, 0.0042592548984
854, 0.00406994473041, 0.00425923865277
855, 0.00406993184182, 0.00425922305228
856, 0.00406991960997, 0.00425920779529
857, 0.0040699071607, 0.00425919180942
858, 0.0040698943921, 0.00425917652082
859, 0.00406988197191, 0.00425916034655
860, 0.00406986934603, 0.00425914417643
861, 0.00406985735003, 0.00425912922819
862, 0.00406984456224, 0.00425911339599
863, 0.00406983204524, 0.00425909696586
864, 0.00406981948532, 0.00425908181893
865, 0.00406980698566, 0.00425906613394
866, 0.00406979442069, 0.0042590509586
867, 0.00406978201081, 0.00425903495163
868, 0.00406976915366, 0.00425901937306
869, 0.0040697567656, 0.00425900299856
870, 0.00406974445538, 0.00425898803568
871, 0.0040697315699, 0.00425897213067
872, 0.00406971914473, 0.00425895575076
873, 0.00406970681715, 0.00425894104925
874, 0.00406969407746, 0.0042589255725
875, 0.00406968157581, 0.00425890965823
876, 0.00406966897778, 0.0042588939625
877, 0.004069656758, 0.00425887717065
878, 0.00406964435789, 0.004258862496
879, 0.00406963159677, 0.00425884730052
880, 0.00406961913326, 0.00425883085542
881, 0.00406960687636, 0.0042588157911
882, 0.00406959405042, 0.00425880015663
883, 0.00406958154098, 0.00425878409642
884, 0.00406956885592, 0.00425876791527
885, 0.00406955650378, 0.00425875199719
886, 0.00406954415923, 0.00425873678883
887, 0.00406953127102, 0.00425872113249
888, 0.00406951878384, 0.00425870557158
889, 0.0040695062263, 0.00425868977472
890, 0.00406949404299, 0.00425867438017
891, 0.00406948148904, 0.00425865845664
892, 0.00406946908921, 0.0042586423241
893, 0.00406945641842, 0.00425862738144
894, 0.00406944407524, 0.00425861211631
895, 0.00406943157867, 0.00425859588358
896, 0.00406941914496, 0.00425858021453
897, 0.00406940631604, 0.00425856485054
898, 0.00406939387882, 0.00425854918882
899, 0.00406938102167, 0.00425853333925
900, 0.00406936868798, 0.00425851742803
901, 0.00406935617269, 0.0042585011854
902, 0.00406934376488, 0.00425848597102
903, 0.00406933112414, 0.00425847023628
904, 0.00406931850503, 0.00425845533804
905, 0.00406930655626, 0.00425843899309
906, 0.00406929363141, 0.0042584236034
907, 0.00406928124119, 0.00425840806119
908, 0.00406926874834, 0.00425839214065
909, 0.00406925598736, 0.00425837620862
910, 0.0040692436077, 0.00425836046601
911, 0.00406923118179, 0.00425834499968
912, 0.00406921864554, 0.00425832973488
913, 0.00406920593712, 0.00425831346736
914, 0.00406919380567, 0.00425829876932
915, 0.00406918097345, 0.00425828264729
916, 0.00406916854524, 0.00425826651533
917, 0.00406915638641, 0.0042582508006
918, 0.00406914338073, 0.00425823488448
919, 0.00406913080468, 0.00425821937973
920, 0.00406911852931, 0.0042582038031
921, 0.00406910583054, 0.00425818827935
922, 0.00406909358107, 0.0042581726749
923, 0.0040690813466, 0.00425815734946
924, 0.00406906864662, 0.00425814101469
925, 0.00406905608185, 0.00425812567527
926, 0.00406904366058, 0.00425811002795
927, 0.00406903119412, 0.00425809451921
928, 0.00406901838772, 0.00425807811304
929, 0.00406900590151, 0.00425806263514
930, 0.00406899349537, 0.004258047484
931, 0.00406898121274, 0.00425803176533
932, 0.00406896828871, 0.00425801571293
933, 0.00406895564676, 0.00425800107256
934, 0.0040689435743, 0.00425798453965
935, 0.004068931046, 0.00425796855943
936, 0.00406891830821, 0.00425795324061
937, 0.0040689058799, 0.00425793812816
938, 0.00406889343566, 0.00425792217042
939, 0.00406888104914, 0.00425790573161
940, 0.00406886843705, 0.00425789038329
941, 0.00406885589845, 0.00425787514158
942, 0.00406884345182, 0.00425785941723
943, 0.00406883104798, 0.00425784324378
944, 0.00406881847633, 0.00425782742908
945, 0.00406880588197, 0.0042578119203
946, 0.00406879323369, 0.00425779664123
947, 0.00406878090988, 0.00425778121814
948, 0.00406876824523, 0.00425776561675
949, 0.00406875581272, 0.00425774984073
950, 0.00406874324158, 0.00425773452604
951, 0.00406873082455, 0.00425771849893
952, 0.00406871822264, 0.00425770277085
953, 0.00406870614375, 0.00425768673442
954, 0.00406869327212, 0.00425767125751
955, 0.00406868072578, 0.00425765586219
956, 0.00406866852394, 0.0042576403447
957, 0.00406865594611, 0.00425762428313
958, 0.00406864347998, 0.00425760829563
959, 0.00406863072009, 0.00425759292374
960, 0.00406861832261, 0.00425757763661
961, 0.00406860611248, 0.00425756235494
962, 0.00406859292358, 0.00425754580675
963, 0.00406858116679, 0.00425753080816
964, 0.00406856861518, 0.00425751399883
965, 0.00406855622046, 0.00425749910679
966, 0.00406854324116, 0.00425748344458
967, 0.00406853064133, 0.00425746716657
968, 0.00406851867182, 0.00425745156846
969, 0.0040685061627, 0.00425743634232
970, 0.004068493478, 0.00425742126548
971, 0.00406848127731, 0.00425740469188
972, 0.00406846865283, 0.00425738952159
973, 0.00406845584528, 0.00425737405736
974, 0.00406844354144, 0.00425735811514
975, 0.00406843134955, 0.00425734278567
976, 0.00406841835542, 0.00425732698624
977, 0.00406840620715, 0.00425731066822
978, 0.00406839355625, 0.0042572952907
979, 0.00406838092935, 0.00425727969918
980, 0.00406836850223, 0.00425726384277
981, 0.00406835618963, 0.00425724881674
982, 0.00406834381857, 0.00425723273315
983, 0.00406833092032, 0.00425721758119
984, 0.00406831872526, 0.00425720215212
985, 0.00406830607415, 0.00425718649672
986, 0.00406829379962, 0.00425716987976
987, 0.00406828120745, 0.00425715425726
988, 0.00406826881725, 0.00425713968252
989, 0.00406825641698, 0.00425712344474
990, 0.0040682437475, 0.00425710743394
991, 0.00406823121713, 0.0042570920453
992, 0.00406821892676, 0.00425707609324
993, 0.00406820621279, 0.00425706045057
994, 0.00406819389302, 0.0042570454404
995, 0.00406818092049, 0.00425702973908
996, 0.00406816862237, 0.00425701359158
997, 0.00406815613771, 0.00425699759313
998, 0.0040681437673, 0.00425698243959
999, 0.00406813112376, 0.00425696680238
