iteration,train_error,test_error
0, 0.114180052122, 0.114906166541
1, 0.0321322284647, 0.0308626942035
2, 0.0107766292874, 0.0105173930316
3, 0.00554561353845, 0.00478429841962
4, 0.00423708129766, 0.00372618335087
5, 0.00391322819465, 0.00327772234353
6, 0.00383204353799, 0.00325855399108
7, 0.00381119681447, 0.00320678158089
8, 0.00380529347308, 0.00321623074356
9, 0.00380310026735, 0.00320633884364
10, 0.0038018276196, 0.00320885010849
11, 0.00380078340242, 0.00320586920285
12, 0.00379979790255, 0.00320579746792
13, 0.00379882763738, 0.00320431972447
14, 0.0037978607951, 0.00320355506877
15, 0.00379689585821, 0.00320243827589
16, 0.00379593138872, 0.00320149754743
17, 0.00379496799054, 0.00320047039374
18, 0.00379400592215, 0.00319948947887
19, 0.00379304471069, 0.00319848682479
20, 0.00379208334882, 0.0031974949371
21, 0.00379112387099, 0.00319649941005
22, 0.00379016380609, 0.00319550582275
23, 0.00378920412306, 0.00319451203979
24, 0.0037882466793, 0.00319352080118
25, 0.00378729061952, 0.00319253060913
26, 0.00378633302694, 0.00319153998603
27, 0.00378537792556, 0.00319054992505
28, 0.00378442260865, 0.00318956075132
29, 0.00378346927755, 0.00318857396446
30, 0.00378251591289, 0.00318758612595
31, 0.00378156184016, 0.00318659805295
32, 0.00378060973315, 0.00318561229252
33, 0.003779659824, 0.0031846288877
34, 0.00377871000237, 0.00318364520025
35, 0.00377775954761, 0.003182660152
36, 0.00377681095615, 0.00318167844595
37, 0.00377586135691, 0.00318069471987
38, 0.00377491494694, 0.00317971475561
39, 0.00377396793028, 0.00317873415886
40, 0.00377302114234, 0.00317775378317
41, 0.00377207600709, 0.0031767753324
42, 0.00377113202498, 0.00317579768877
43, 0.00377018721707, 0.00317481920777
44, 0.00376924466403, 0.00317384283901
45, 0.00376830211899, 0.00317286711558
46, 0.00376736020677, 0.0031718909556
47, 0.00376641984289, 0.00317091728235
48, 0.00376547858297, 0.00316994261911
49, 0.00376454027368, 0.00316897103482
50, 0.00376359956588, 0.00316799671343
51, 0.00376266329557, 0.00316702674902
52, 0.00376172623271, 0.00316605641559
53, 0.00376078905054, 0.00316508581747
54, 0.00375985267351, 0.0031641162261
55, 0.00375891847947, 0.00316314877247
56, 0.0037579830303, 0.00316218017203
57, 0.00375704899593, 0.00316121283353
58, 0.00375611674542, 0.00316024696776
59, 0.00375518467837, 0.00315928181347
60, 0.00375425337142, 0.00315831744653
61, 0.00375332176449, 0.00315735246183
62, 0.00375239272314, 0.00315639017142
63, 0.00375146191607, 0.00315542612521
64, 0.00375053353692, 0.00315446471781
65, 0.00374960499992, 0.00315350271499
66, 0.00374867766789, 0.00315254217084
67, 0.00374775203178, 0.00315158370445
68, 0.00374682580109, 0.00315062443692
69, 0.0037459007007, 0.0031496663666
70, 0.00374497596761, 0.00314870865392
71, 0.00374405235289, 0.00314775301481
72, 0.00374312873497, 0.00314679532442
73, 0.00374220684775, 0.0031458408525
74, 0.00374128511017, 0.00314488607612
75, 0.00374036384566, 0.00314393209634
76, 0.00373944404344, 0.00314297934278
77, 0.00373852337301, 0.00314202610198
78, 0.00373760492721, 0.00314107492896
79, 0.00373668691495, 0.0031401235958
80, 0.00373576904848, 0.00313917280708
81, 0.00373485285579, 0.00313822334212
82, 0.00373393723478, 0.00313727567451
83, 0.00373302162554, 0.0031363274554
84, 0.00373210635808, 0.00313537918188
85, 0.00373119345916, 0.00313443330204
86, 0.00373027995949, 0.00313348700174
87, 0.00372936667375, 0.00313254191124
88, 0.0037284550362, 0.00313159744497
89, 0.0037275445233, 0.0031306539258
90, 0.00372663313389, 0.00312971031208
91, 0.00372572211754, 0.00312876671912
92, 0.00372481443422, 0.00312782679402
93, 0.00372390516113, 0.00312688518638
94, 0.00372299720432, 0.00312594466756
95, 0.00372209052272, 0.00312500473311
96, 0.00372118411842, 0.00312406643966
97, 0.00372027856245, 0.00312312827151
98, 0.00371937359915, 0.0031221907266
99, 0.00371846922637, 0.00312125413261
100, 0.00371756561486, 0.0031203175226
101, 0.00371666279642, 0.00311938246776
102, 0.00371575951878, 0.00311844702359
103, 0.00371485798154, 0.00311751345513
104, 0.0037139571328, 0.0031165805275
105, 0.00371305655224, 0.0031156477729
106, 0.00371215678467, 0.00311471532839
107, 0.00371125788156, 0.00311378380685
108, 0.00371035997705, 0.00311285406292
109, 0.00370946323435, 0.00311192510737
110, 0.00370856538431, 0.00311099489404
111, 0.00370766894084, 0.00311006661952
112, 0.00370677372654, 0.00310913903659
113, 0.00370587871254, 0.00310821212465
114, 0.00370498414376, 0.00310728567888
115, 0.00370409013925, 0.00310635944278
116, 0.00370319756392, 0.003105434771
117, 0.00370230503506, 0.00310451018526
118, 0.00370141354652, 0.0031035869287
119, 0.00370052199715, 0.00310266327222
120, 0.00369963198544, 0.0031017413658
121, 0.00369874189104, 0.00310081946679
122, 0.00369785292482, 0.00309989848043
123, 0.00369696506199, 0.00309897866061
124, 0.00369607771594, 0.00309805936691
125, 0.00369519137073, 0.00309714090223
126, 0.0036943042394, 0.00309622223099
127, 0.0036934182222, 0.00309530454963
128, 0.00369253270418, 0.003094386924
129, 0.00369164893196, 0.00309347150953
130, 0.00369076574558, 0.0030925566678
131, 0.00368988163021, 0.0030916407086
132, 0.00368899914325, 0.00309072646017
133, 0.00368811841466, 0.00308981408991
134, 0.00368723663481, 0.00308890062333
135, 0.00368635690866, 0.00308798963831
136, 0.00368547569013, 0.00308707663172
137, 0.00368459877748, 0.00308616723342
138, 0.00368371930617, 0.00308525678721
139, 0.00368284108832, 0.00308434703036
140, 0.00368196462692, 0.00308343941465
141, 0.00368108727341, 0.00308252970999
142, 0.00368021147888, 0.0030816227741
143, 0.00367933581946, 0.00308071518424
144, 0.00367846105314, 0.0030798094422
145, 0.00367758729862, 0.00307890468317
146, 0.00367671287609, 0.00307799875817
147, 0.00367584101677, 0.0030770958781
148, 0.00367496955368, 0.0030761918302
149, 0.0036740975069, 0.00307528894775
150, 0.00367322691704, 0.0030743872909
151, 0.00367235718643, 0.00307348629991
152, 0.00367148755812, 0.00307258464209
153, 0.00367061775166, 0.00307168324812
154, 0.00366975048538, 0.00307078567632
155, 0.00366888169094, 0.00306988484303
156, 0.00366801537635, 0.00306898852618
157, 0.00366714834496, 0.00306808876047
158, 0.00366628312147, 0.0030671925329
159, 0.00366541787589, 0.00306629607047
160, 0.00366455316636, 0.00306540031221
161, 0.00366368886239, 0.00306450477377
162, 0.00366282739429, 0.00306361182591
163, 0.00366196335775, 0.0030627170099
164, 0.00366110189573, 0.00306182491338
165, 0.00366024043629, 0.00306093161414
166, 0.00365938040038, 0.00306004110429
167, 0.00365851944268, 0.00305914900908
168, 0.00365765985804, 0.00305825837802
169, 0.00365680199943, 0.00305736973947
170, 0.00365594287955, 0.00305647990896
171, 0.00365508496972, 0.00305558997022
172, 0.00365422774031, 0.00305470303116
173, 0.00365337219505, 0.00305381582473
174, 0.00365251582401, 0.0030529293224
175, 0.00365166108018, 0.00305204334469
176, 0.0036508060393, 0.00305115780105
177, 0.00364995317578, 0.00305027335368
178, 0.00364910003946, 0.00304938932707
179, 0.00364824576983, 0.00304850497281
180, 0.00364739397007, 0.00304762220768
181, 0.00364654347381, 0.00304674081388
182, 0.00364569268202, 0.00304585881997
183, 0.00364484171031, 0.00304497752343
184, 0.00364399278715, 0.0030440974043
185, 0.00364314332833, 0.00304321825393
186, 0.00364229521742, 0.00304233884435
187, 0.00364144731502, 0.00304145990815
188, 0.00364059953168, 0.00304058148925
189, 0.00363975412549, 0.0030397057434
190, 0.00363890789256, 0.00303882890027
191, 0.00363806171509, 0.00303795202206
192, 0.00363721729153, 0.0030370775267
193, 0.00363637355598, 0.00303620288509
194, 0.00363553042374, 0.003035329356
195, 0.00363468665616, 0.00303445483122
196, 0.00363384356037, 0.00303358112506
197, 0.00363300277537, 0.00303271013163
198, 0.0036321611784, 0.00303183801581
199, 0.00363132056746, 0.00303096696568
200, 0.00363048080179, 0.00303009710079
201, 0.00362964179421, 0.00302922717917
202, 0.00362880332666, 0.0030283585522
203, 0.00362796512702, 0.00302749036029
204, 0.00362712761917, 0.00302662202253
205, 0.0036262906398, 0.00302575460554
206, 0.00362545421908, 0.00302488835681
207, 0.00362461770203, 0.00302402162192
208, 0.00362378309451, 0.00302315633342
209, 0.00362294857609, 0.00302229191525
210, 0.00362211432262, 0.00302142733038
211, 0.00362128078468, 0.00302056364883
212, 0.0036204480254, 0.00301970078876
213, 0.00361961622071, 0.00301883892014
214, 0.00361878394984, 0.00301797638821
215, 0.0036179528317, 0.00301711490326
216, 0.00361712354237, 0.00301625563552
217, 0.00361629340295, 0.00301539582357
218, 0.00361546390571, 0.00301453610572
219, 0.00361463496652, 0.00301367662904
220, 0.00361380636625, 0.00301281797487
221, 0.00361298018056, 0.00301196223726
222, 0.00361215140532, 0.0030111029103
223, 0.00361132571835, 0.00301024763279
224, 0.00361050025642, 0.00300939182787
225, 0.00360967498958, 0.00300853732993
226, 0.00360885105602, 0.00300768322292
227, 0.00360802663824, 0.00300682902171
228, 0.00360720258252, 0.00300597483795
229, 0.00360637977792, 0.00300512185533
230, 0.00360555811173, 0.00300427092786
231, 0.00360473596257, 0.0030034188321
232, 0.00360391483948, 0.00300256786304
233, 0.00360309466814, 0.00300171769908
234, 0.00360227387261, 0.00300086727291
235, 0.00360145529517, 0.00300001964072
236, 0.0036006363687, 0.00299916997483
237, 0.00359981679154, 0.00299832085112
238, 0.00359900011058, 0.00299747463618
239, 0.0035981828257, 0.0029966273974
240, 0.00359736686183, 0.00299578166154
241, 0.00359655048573, 0.00299493578027
242, 0.0035957347034, 0.00299408991229
243, 0.00359492020381, 0.00299324577635
244, 0.00359410666359, 0.00299240250382
245, 0.00359329205946, 0.00299155858764
246, 0.00359247982767, 0.00299071682418
247, 0.0035916664525, 0.00298987370462
248, 0.00359085407056, 0.00298903167199
249, 0.00359004239118, 0.00298819090506
250, 0.00358923233609, 0.00298735138364
251, 0.00358842101701, 0.00298651046072
252, 0.00358761188241, 0.00298567178419
253, 0.00358680280887, 0.00298483312587
254, 0.00358599367812, 0.00298399496253
255, 0.00358518617008, 0.00298315798463
256, 0.00358437878556, 0.00298232082449
257, 0.00358357144234, 0.00298148434044
258, 0.00358276520961, 0.00298064891939
259, 0.00358195878632, 0.00297981269214
260, 0.00358115383988, 0.00297897794381
261, 0.00358034841997, 0.0029781443067
262, 0.00357954486018, 0.00297731089234
263, 0.00357874123301, 0.00297647800211
264, 0.00357793805933, 0.00297564617866
265, 0.0035771354963, 0.00297481428562
266, 0.00357633280339, 0.00297398207977
267, 0.00357553178473, 0.00297315141204
268, 0.00357473157438, 0.00297232222347
269, 0.00357393147015, 0.00297149350356
270, 0.00357313133519, 0.00297066415752
271, 0.00357233167796, 0.00296983465394
272, 0.00357153284606, 0.0029690065434
273, 0.00357073491968, 0.00296817984583
274, 0.00356993797697, 0.00296735393065
275, 0.00356914038884, 0.00296652744642
276, 0.00356834398049, 0.00296570231926
277, 0.00356754836082, 0.00296487722604
278, 0.00356675236331, 0.00296405195733
279, 0.00356595845167, 0.00296322919433
280, 0.00356516367537, 0.00296240501784
281, 0.0035643704664, 0.00296158301998
282, 0.00356357669564, 0.00296076124776
283, 0.00356278379434, 0.00295993913835
284, 0.00356199195463, 0.002959118022
285, 0.00356120025017, 0.00295829734835
286, 0.00356040919549, 0.00295747745227
287, 0.00355961975846, 0.00295665909625
288, 0.00355882893877, 0.00295583971784
289, 0.00355803917569, 0.00295502115046
290, 0.00355725025876, 0.00295420287943
291, 0.00355646196174, 0.00295338527168
292, 0.00355567379011, 0.00295256879811
293, 0.0035548873261, 0.00295175361293
294, 0.00355409975261, 0.00295093732562
295, 0.00355331392007, 0.0029501227335
296, 0.003552528373, 0.00294930848136
297, 0.00355174263767, 0.00294849461911
298, 0.00355095876585, 0.00294768111499
299, 0.00355017403255, 0.00294686798671
300, 0.00354939052921, 0.00294605590345
301, 0.00354860738206, 0.00294524416747
302, 0.00354782457196, 0.00294443274086
303, 0.00354704395633, 0.0029436236081
304, 0.0035462625947, 0.00294281343538
305, 0.00354548101491, 0.00294200357834
306, 0.00354470110331, 0.00294119503975
307, 0.00354392107139, 0.00294038589693
308, 0.00354314099342, 0.00293957839073
309, 0.00354236247922, 0.00293877077157
310, 0.00354158426451, 0.0029379637613
311, 0.00354080609985, 0.00293715790503
312, 0.00354002992852, 0.0029363525205
313, 0.00353925263383, 0.00293554669626
314, 0.00353847648812, 0.00293474254063
315, 0.00353769960048, 0.00293393724005
316, 0.0035369257696, 0.00293313488268
317, 0.00353615110832, 0.0029323313504
318, 0.00353537712559, 0.00293152974034
319, 0.00353460325513, 0.00293072711872
320, 0.00353382995725, 0.00292992557848
321, 0.00353305774742, 0.00292912471032
322, 0.00353228519081, 0.00292832439024
323, 0.00353151458894, 0.00292752568273
324, 0.0035307430374, 0.00292672561702
325, 0.00352997247301, 0.00292592667178
326, 0.00352920236837, 0.00292512837776
327, 0.0035284330329, 0.00292433066791
328, 0.00352766356429, 0.00292353295541
329, 0.00352689493192, 0.00292273603936
330, 0.00352612792431, 0.00292194134698
331, 0.00352535970936, 0.00292114507646
332, 0.00352459310092, 0.00292035024475
333, 0.00352382652517, 0.00291955519389
334, 0.00352306091549, 0.00291876191856
335, 0.0035222949567, 0.00291796769368
336, 0.00352153092386, 0.00291717521405
337, 0.00352076565499, 0.00291638201409
338, 0.00352000197713, 0.00291559070336
339, 0.00351923882256, 0.00291479927862
340, 0.00351847588147, 0.0029140086397
341, 0.00351771349625, 0.00291321773951
342, 0.00351695131605, 0.00291242767724
343, 0.00351619055272, 0.0029116390268
344, 0.00351542860207, 0.00291084877457
345, 0.00351466934621, 0.00291006227912
346, 0.00351390927934, 0.00290927391469
347, 0.00351314973486, 0.00290848681931
348, 0.00351239105949, 0.00290769981733
349, 0.00351163316514, 0.00290691433047
350, 0.00351087505107, 0.00290612809822
351, 0.00351011704152, 0.00290534275024
352, 0.00350936086692, 0.00290455871645
353, 0.0035086053073, 0.00290377526346
354, 0.00350784833329, 0.00290299014642
355, 0.00350709381657, 0.00290220830129
356, 0.00350633886718, 0.0029014253964
357, 0.00350558477971, 0.00290064360404
358, 0.00350482974647, 0.00289986092283
359, 0.00350407795441, 0.00289908086863
360, 0.00350332430884, 0.00289829920709
361, 0.00350257174643, 0.00289751981523
362, 0.0035018198434, 0.0028967396743
363, 0.00350106859172, 0.0028959606662
364, 0.00350031779255, 0.00289518294341
365, 0.00349956694772, 0.00289440442462
366, 0.00349881701895, 0.0028936266488
367, 0.00349806816505, 0.00289285017017
368, 0.00349731826416, 0.00289207345211
369, 0.00349657013534, 0.00289129691514
370, 0.0034958223007, 0.00289052138416
371, 0.00349507414067, 0.00288974599555
372, 0.00349432808747, 0.00288897231865
373, 0.00349358117724, 0.00288819800748
374, 0.00349283482733, 0.00288742465136
375, 0.00349208991787, 0.00288665156172
376, 0.00349134469264, 0.0028858793096
377, 0.00349059998793, 0.00288510695244
378, 0.00348985624953, 0.00288433631532
379, 0.00348911250721, 0.00288356456511
380, 0.00348836964235, 0.00288279448363
381, 0.00348762681219, 0.00288202411866
382, 0.00348688509271, 0.00288125506151
383, 0.0034861429929, 0.0028804856608
384, 0.00348540185369, 0.00287971718729
385, 0.0034846608234, 0.00287894923493
386, 0.00348392062168, 0.00287818126447
387, 0.00348318071833, 0.00287741382458
388, 0.0034824424117, 0.00287664827587
389, 0.00348170343294, 0.0028758820556
390, 0.00348096519874, 0.00287511682941
391, 0.00348022778828, 0.00287435235107
392, 0.00347948989434, 0.00287358677752
393, 0.00347875313421, 0.00287282283523
394, 0.00347801657297, 0.00287205928069
395, 0.00347727934106, 0.00287129535218
396, 0.00347654528758, 0.00287053372705
397, 0.00347581051168, 0.00286977209801
398, 0.00347507546208, 0.0028690093827
399, 0.00347434185637, 0.00286824924128
400, 0.00347360798955, 0.00286748785829
401, 0.00347287474654, 0.00286672773956
402, 0.00347214237225, 0.00286596833504
403, 0.00347141078076, 0.00286520937434
404, 0.00347067783411, 0.00286444998848
405, 0.00346994673163, 0.00286369127552
406, 0.00346921577654, 0.00286293374003
407, 0.00346848607478, 0.00286217683959
408, 0.00346775651272, 0.00286142014417
409, 0.00346702698822, 0.00286066381279
410, 0.0034662982421, 0.00285990786012
411, 0.00346556917434, 0.00285915229271
412, 0.00346484157506, 0.0028583973698
413, 0.00346411351667, 0.00285764222169
414, 0.00346338736198, 0.00285688969723
415, 0.00346266110079, 0.00285613618493
416, 0.00346193372546, 0.00285538235161
417, 0.00346120928659, 0.00285463037899
418, 0.00346048394587, 0.00285387864391
419, 0.00345975783536, 0.00285312626064
420, 0.00345903487508, 0.00285237616094
421, 0.00345831084545, 0.00285162530537
422, 0.00345758631576, 0.0028508743932
423, 0.00345686465587, 0.00285012526926
424, 0.0034561413908, 0.00284937544976
425, 0.00345542014506, 0.00284862767451
426, 0.00345469948544, 0.00284787967563
427, 0.00345397674219, 0.00284713015763
428, 0.00345325618949, 0.00284638347719
429, 0.00345253685576, 0.00284563718271
430, 0.00345181699252, 0.00284489115098
431, 0.00345109677093, 0.00284414416852
432, 0.00345037916966, 0.00284339961105
433, 0.00344966027181, 0.00284265433572
434, 0.00344894268734, 0.00284191055758
435, 0.00344822455077, 0.00284116516529
436, 0.00344750790836, 0.00284042222267
437, 0.00344679216135, 0.00283967981379
438, 0.00344607574086, 0.00283893681727
439, 0.00344535999493, 0.00283819415196
440, 0.00344464476749, 0.00283745288392
441, 0.00344392975817, 0.00283671107488
442, 0.0034432153618, 0.00283597072338
443, 0.00344250239317, 0.00283523128771
444, 0.00344178913307, 0.00283449135034
445, 0.00344107596667, 0.00283375203882
446, 0.00344036417266, 0.00283301330296
447, 0.00343965112734, 0.00283227391658
448, 0.00343893969844, 0.00283153632323
449, 0.0034382277443, 0.0028307979253
450, 0.00343751745372, 0.00283006074585
451, 0.00343680766445, 0.00282932504866
452, 0.00343609710278, 0.00282858825294
453, 0.00343538794514, 0.0028278522726
454, 0.00343467979902, 0.00282711804453
455, 0.0034339702515, 0.00282638226863
456, 0.00343326225919, 0.00282564825624
457, 0.00343255541083, 0.00282491484043
458, 0.0034318480719, 0.00282418087705
459, 0.00343114080557, 0.0028234477307
460, 0.00343043500273, 0.00282271543954
461, 0.00342972887425, 0.00282198334748
462, 0.00342902376793, 0.00282125209131
463, 0.00342831847325, 0.00282051998323
464, 0.00342761430962, 0.00281979033087
465, 0.00342690963135, 0.00281905936219
466, 0.00342620603891, 0.00281832998047
467, 0.00342550265241, 0.00281760000811
468, 0.00342480011619, 0.00281687157229
469, 0.00342409833393, 0.00281614327196
470, 0.00342339590629, 0.00281541515234
471, 0.00342269417732, 0.00281468734124
472, 0.00342199400396, 0.00281396082879
473, 0.00342129276748, 0.00281323351355
474, 0.00342059232942, 0.00281250718944
475, 0.00341989321652, 0.00281178179907
476, 0.00341919405458, 0.00281105675045
477, 0.00341849389028, 0.00281033046352
478, 0.00341779598178, 0.00280960668292
479, 0.00341709848826, 0.00280888303588
480, 0.00341640030827, 0.00280815940169
481, 0.00341570299086, 0.00280743583459
482, 0.00341500654584, 0.00280671337396
483, 0.00341431016849, 0.00280599115194
484, 0.00341361473651, 0.00280526944739
485, 0.00341291916442, 0.00280454827118
486, 0.00341222418542, 0.00280382792289
487, 0.00341152895019, 0.00280310596924
488, 0.00341083523925, 0.00280238700328
489, 0.00341014036551, 0.00280166584374
490, 0.00340944807991, 0.00280094791202
491, 0.00340875400725, 0.00280022772386
492, 0.00340806172452, 0.00279951037106
493, 0.00340737045185, 0.00279879309355
494, 0.003406679365, 0.00279807592857
495, 0.00340598663669, 0.00279735734742
496, 0.00340529688617, 0.00279664206799
497, 0.00340460544723, 0.0027959248224
498, 0.00340391551074, 0.0027952093952
499, 0.0034032261792, 0.0027944938071
