iteration,train_error,test_error0, 1102.76650332, 1104.81169443
1, 0.164264663168, 0.174499853317
2, 0.0647029740409, 0.0794710658432
3, 8.86079768833, 10.3697977687
4, 1.06520971073, 1.18723726326
5, 65.7282331546, 66.326972749
6, 12.2149363767, 12.4139016284
7, 4.04933592794, 3.94340796368
8, 0.813790419077, 0.805912838958
9, 1.21552554328, 1.30566453723
10, 0.0285744338756, 0.0263449266831
11, 0.249709926082, 0.212185554063
12, 0.235323792064, 0.206692485118
13, 0.0691193851023, 0.0554928423785
14, 0.0540102857917, 0.062457055978
15, 0.156313092059, 0.176039787038
16, 0.120157991438, 0.13680646253
17, 0.0348786789656, 0.0389447450626
18, 0.0537371156133, 0.0433136305463
19, 0.117291527477, 0.098189671091
20, 0.103794254478, 0.0860991557168
21, 0.0417381155193, 0.0339181390491
22, 0.0364762924888, 0.0413990698178
23, 0.0797548550383, 0.0930240167175
24, 0.0765499697525, 0.0893521932398
25, 0.0364165430569, 0.0412857057648
26, 0.0326656499355, 0.0277760268528
27, 0.0566939447757, 0.0455634198476
28, 0.0597161813277, 0.0480426704221
29, 0.0386235733129, 0.0315374766926
30, 0.0281308431589, 0.0280625620822
31, 0.0402796077674, 0.0461860277003
32, 0.0501712863353, 0.0583587315094
33, 0.0410195035975, 0.0470871717678
34, 0.0287972264073, 0.0297152285101
35, 0.0316827922109, 0.0270804291005
36, 0.0410758987177, 0.0332295917911
37, 0.0396036963622, 0.0321497186051
38, 0.0303938278387, 0.0264532788441
39, 0.0286080409684, 0.0293152485154
40, 0.0348768948897, 0.0389923160014
41, 0.0366583880003, 0.0413700062828
42, 0.0310170942954, 0.03345648845
43, 0.0278914061398, 0.0265643897436
44, 0.031415267203, 0.0268533740249
45, 0.0338921651992, 0.0282368961161
46, 0.030755271308, 0.0265293924719
47, 0.0278539696183, 0.0266168319464
48, 0.0296849945446, 0.031292719638
49, 0.031827416583, 0.0346434899554
50, 0.0301090416176, 0.0319914437242
51, 0.0278861423511, 0.0273731460725
52, 0.0288713236974, 0.0259198871352
53, 0.0304584033669, 0.0263628084386
54, 0.0294297779752, 0.0260052080152
55, 0.0278697135579, 0.026400168934
56, 0.0284951864152, 0.0290554596801
57, 0.0295758008461, 0.0310854252673
58, 0.0288577409855, 0.0297871055966
59, 0.0278285964274, 0.0271103217647
60, 0.0283174708452, 0.0259274394417
61, 0.0289996294852, 0.025890923439
62, 0.0284250620912, 0.0258907497266
63, 0.0277982934688, 0.0266772799446
64, 0.0282263207494, 0.0284388280706
65, 0.0286018063885, 0.0292714938308
66, 0.0281200109291, 0.0281683951101
67, 0.0277955182233, 0.0266154643171
68, 0.028165771986, 0.0259571560542
69, 0.0283107217608, 0.0258926333658
70, 0.0279234791244, 0.0261731146424
71, 0.0278181938302, 0.0271147897708
72, 0.0281061677352, 0.0281318642282
73, 0.0280904777099, 0.0280897377539
74, 0.0278162490088, 0.0271156603515
75, 0.0278517129188, 0.0262876867088
76, 0.0280341086121, 0.0260178204049
77, 0.0279295214894, 0.0261309500806
78, 0.0277776061235, 0.0266628074391
79, 0.0278769514683, 0.0274160750543
80, 0.0279502151501, 0.0276786766395
81, 0.0278259455746, 0.0271921094112
82, 0.0277822618564, 0.0265271006883
83, 0.0278788481587, 0.0261876138694
84, 0.0278671925514, 0.0262059554002
85, 0.0277762239437, 0.0265476576586
86, 0.0278018591148, 0.0270719137076
87, 0.0278542408206, 0.027334568205
88, 0.0278024603238, 0.0270821458992
89, 0.0277672119908, 0.0266123744005
90, 0.027812394097, 0.0263168712656
91, 0.027814260367, 0.0263052164593
92, 0.0277676366996, 0.0265513735122
93, 0.0277766471697, 0.0269196400928
94, 0.0278033667378, 0.0271045909668
95, 0.0277775489866, 0.0269376904694
96, 0.0277601708092, 0.026609129179
97, 0.027782701397, 0.0263938228523
98, 0.0277809268342, 0.026395919468
99, 0.0277578413009, 0.0265924589235
100, 0.0277649530212, 0.0268498410315
101, 0.0277755722963, 0.0269491396078
102, 0.027760014831, 0.0268071424352
103, 0.027754708603, 0.0265747214693
104, 0.0277659835065, 0.0264396816696
105, 0.027760628759, 0.0264725812237
106, 0.0277504927921, 0.0266377412588
107, 0.0277566802337, 0.0268066464643
108, 0.0277582354274, 0.0268315254147
109, 0.0277490737547, 0.0266995717428
110, 0.0277497615756, 0.0265401112624
111, 0.0277538415585, 0.0264754426519
112, 0.0277480357264, 0.0265372991785
113, 0.0277452693568, 0.0266709185565
114, 0.0277489151475, 0.0267628123563
115, 0.0277463607991, 0.0267324879452
116, 0.0277423605112, 0.0266166346933
117, 0.0277444043881, 0.0265200613295
118, 0.0277439607225, 0.026512318578
119, 0.0277401987882, 0.0265888982367
120, 0.0277406378086, 0.0266818192679
121, 0.0277411401674, 0.0267081162166
122, 0.0277382253914, 0.0266477331778
123, 0.0277375454408, 0.0265607391292
124, 0.027738230118, 0.0265199846024
125, 0.027736209295, 0.0265508463016
126, 0.0277349519902, 0.0266208894355
127, 0.0277354166669, 0.0266657341483
128, 0.0277340986923, 0.0266452638299
129, 0.027732651272, 0.0265821442477
130, 0.0277327921899, 0.026533734131
131, 0.0277319210055, 0.0265368353888
132, 0.0277305192104, 0.0265823333946
133, 0.0277303585008, 0.0266259022601
134, 0.0277297393806, 0.0266266988609
135, 0.0277284640365, 0.0265858988021
136, 0.0277280817986, 0.0265423656599
137, 0.0277275777112, 0.0265322888707
138, 0.0277264693969, 0.026559231504
139, 0.0277259467193, 0.0265946014716
140, 0.0277254836811, 0.0266037499066
141, 0.0277245068915, 0.0265786162615
142, 0.0277239147053, 0.0265437036477
143, 0.027723441964, 0.0265294300141
144, 0.0277225755501, 0.0265445932192
145, 0.0277219547902, 0.0265710948467
146, 0.0277214769249, 0.0265817076363
147, 0.0277207036295, 0.0265659745128
148, 0.0277200702373, 0.0265392557756
149, 0.0277195755467, 0.0265253736737
150, 0.0277188613905, 0.0265338946213
151, 0.0277182348639, 0.0265530978343
152, 0.0277177334233, 0.0265621380366
153, 0.0277170670625, 0.0265514440356
154, 0.0277164496483, 0.0265311551968
155, 0.0277159498941, 0.0265195088153
156, 0.0277153191071, 0.0265247056097
157, 0.0277147307847, 0.0265384446696
158, 0.027714208855, 0.0265449588486
159, 0.0277136122404, 0.0265366983199
160, 0.0277130482061, 0.0265212187226
161, 0.0277125369009, 0.0265122674421
162, 0.0277119550677, 0.0265159518441
163, 0.0277114120075, 0.0265256932869
164, 0.0277109068183, 0.0265295796492
165, 0.027710353235, 0.0265224441177
166, 0.0277098220095, 0.0265105266554
167, 0.0277093110362, 0.026504128478
168, 0.0277087792483, 0.0265071889677
169, 0.0277082691651, 0.0265139508272
170, 0.0277077768959, 0.026515517106
171, 0.0277072526448, 0.0265089493397
172, 0.0277067678294, 0.0264997859395
173, 0.0277062742937, 0.0264956412353
174, 0.0277057789528, 0.0264983469816
175, 0.0277052981148, 0.0265027339649
176, 0.0277048225284, 0.0265023502066
177, 0.0277043415098, 0.0264962411507
178, 0.0277038790152, 0.026489362315
179, 0.027703415268, 0.0264869980756
180, 0.0277029423535, 0.0264893245758
181, 0.0277024935276, 0.0264917485161
182, 0.0277020435801, 0.0264899133627
183, 0.0277015911048, 0.0264843574886
184, 0.0277011486827, 0.0264794034074
185, 0.027700711461, 0.0264783602841
186, 0.0277002783621, 0.026480190341
187, 0.0276998547417, 0.0264809004335
188, 0.0276994223114, 0.0264780910388
189, 0.0276989952346, 0.0264732824443
190, 0.0276985738519, 0.0264699849067
191, 0.0276981680762, 0.0264698054126
192, 0.0276977498669, 0.0264708530231
193, 0.0276973543408, 0.0264701632715
194, 0.027696944401, 0.0264668594182
195, 0.0276965500881, 0.0264630240916
196, 0.0276961570624, 0.0264610876227
197, 0.0276957666473, 0.0264612022719
198, 0.0276953785414, 0.0264613503678
199, 0.0276949998607, 0.0264596230593
200, 0.0276946220153, 0.026456374426
201, 0.0276942431661, 0.0264535767861
202, 0.0276938752958, 0.0264525360197
203, 0.0276935129795, 0.0264525392982
204, 0.0276931519033, 0.0264517861598
205, 0.0276927970081, 0.0264494654621
206, 0.027692436531, 0.0264466437245
207, 0.0276920881472, 0.0264447872212
208, 0.0276917411828, 0.0264442082128
209, 0.0276913899321, 0.0264437698145
210, 0.0276910536605, 0.0264422706767
211, 0.0276907158029, 0.0264398434128
212, 0.0276903805694, 0.0264376530837
213, 0.0276900584032, 0.0264364903442
214, 0.0276897266998, 0.0264359465665
215, 0.0276893997132, 0.0264349065005
216, 0.0276890738467, 0.0264329942529
217, 0.0276887631721, 0.0264308447058
218, 0.0276884527405, 0.026429303374
219, 0.0276881432838, 0.0264284899964
220, 0.0276878329143, 0.0264276487528
221, 0.0276875346493, 0.0264261526731
222, 0.0276872287459, 0.0264241881657
223, 0.0276869338353, 0.0264224756584
224, 0.0276866397211, 0.0264214019631
225, 0.0276863550862, 0.0264205667863
226, 0.0276860615534, 0.0264193529083
227, 0.027685776572, 0.0264176556744
228, 0.0276854937343, 0.0264159342356
229, 0.0276852167162, 0.0264146519746
230, 0.0276849380439, 0.0264137577233
231, 0.0276846685995, 0.0264127090066
232, 0.0276843977945, 0.026411218395
233, 0.0276841306164, 0.0264095874605
234, 0.0276838617185, 0.026408234746
235, 0.02768360384, 0.0264072249854
236, 0.0276833354224, 0.0264062249869
237, 0.027683081098, 0.0264049217753
238, 0.0276828316493, 0.0264034090863
239, 0.0276825823525, 0.0264020386012
240, 0.0276823347951, 0.0264009528474
241, 0.0276820858833, 0.0263999737204
242, 0.0276818437702, 0.0263988057838
243, 0.0276815978017, 0.0263974206248
244, 0.0276813549338, 0.0263960447848
245, 0.027681121098, 0.0263949102798
246, 0.027680888459, 0.0263939389265
247, 0.0276806515029, 0.0263928619621
248, 0.0276804237591, 0.0263915758264
249, 0.0276801926089, 0.0263902763042
250, 0.0276799719975, 0.0263891329476
251, 0.0276797484004, 0.0263881218466
252, 0.0276795233277, 0.0263870987176
253, 0.02767930453, 0.0263859142153
254, 0.0276790905202, 0.0263846780112
255, 0.0276788808769, 0.026383539348
256, 0.0276786623773, 0.0263825417102
257, 0.0276784540771, 0.0263815599692
258, 0.0276782538228, 0.0263804310884
259, 0.0276780419845, 0.0263792583927
260, 0.0276778330633, 0.0263781488365
261, 0.0276776339922, 0.0263771436329
262, 0.0276774324441, 0.0263761796109
263, 0.0276772386727, 0.0263751245896
264, 0.0276770455249, 0.026374020802
265, 0.0276768464895, 0.0263729426353
266, 0.0276766511238, 0.0263719541095
267, 0.027676465989, 0.0263710064858
268, 0.0276762761836, 0.0263699966192
269, 0.0276760894423, 0.0263689493819
270, 0.0276759053539, 0.0263679211662
271, 0.0276757228399, 0.0263669465162
272, 0.0276755415838, 0.0263660104279
273, 0.0276753476897, 0.0263650247106
274, 0.0276751728702, 0.0263640378996
275, 0.0276750020818, 0.0263630625755
276, 0.0276748273266, 0.0263621309331
277, 0.0276746517282, 0.0263612028496
278, 0.027674480958, 0.0263602685156
279, 0.027674309377, 0.0263593130389
280, 0.0276741459797, 0.0263583727372
281, 0.0276739731887, 0.0263574841995
282, 0.0276738044508, 0.026356578468
283, 0.0276736383205, 0.026355653399
284, 0.0276734667955, 0.0263547655677
285, 0.0276733111277, 0.0263538582394
286, 0.0276731535637, 0.0263529786418
287, 0.0276729917342, 0.0263521140444
288, 0.0276728297065, 0.0263512489141
289, 0.0276726797795, 0.0263503440904
290, 0.027672521184, 0.0263495070361
291, 0.0276723576748, 0.0263486697251
292, 0.0276722061071, 0.0263478284746
293, 0.0276720585693, 0.026346968152
294, 0.0276719019534, 0.026346137897
295, 0.0276717576628, 0.0263453137621
296, 0.0276716048093, 0.0263444839065
297, 0.027671454556, 0.0263436729268
298, 0.0276713125991, 0.0263428618752
299, 0.0276711661438, 0.0263420223003
300, 0.0276710198486, 0.0263412479071
301, 0.0276708769459, 0.0263404774505
302, 0.0276707342848, 0.026339684011
303, 0.0276705860542, 0.0263388871456
304, 0.0276704520653, 0.026338102769
305, 0.0276703056297, 0.026337370464
306, 0.0276701775337, 0.0263365983004
307, 0.0276700280713, 0.0263358395222
308, 0.0276699018284, 0.0263350552995
309, 0.0276697624066, 0.0263343253062
310, 0.0276696238531, 0.0263336034851
311, 0.0276694922813, 0.0263328507004
312, 0.0276693509927, 0.0263321091075
313, 0.0276692261267, 0.0263313886472
314, 0.0276690979217, 0.0263307079873
315, 0.0276689621272, 0.0263299761387
316, 0.0276688312616, 0.0263292336251
317, 0.0276687037049, 0.0263285315739
318, 0.0276685767084, 0.0263278537296
319, 0.0276684438386, 0.0263271681887
320, 0.027668317346, 0.0263264779321
321, 0.0276681878578, 0.0263257820481
322, 0.0276680621186, 0.0263251110106
323, 0.0276679426108, 0.0263244390485
324, 0.0276678127125, 0.0263237712939
325, 0.0276676888359, 0.0263231129889
326, 0.0276675729752, 0.0263224268585
327, 0.0276674451446, 0.0263217965589
328, 0.0276673166482, 0.0263211727163
329, 0.0276671988647, 0.0263205201468
330, 0.0276670771336, 0.026319855919
331, 0.0276669580536, 0.0263192244195
332, 0.0276668322456, 0.0263186127816
333, 0.0276667115157, 0.0263179906259
334, 0.027666599693, 0.0263173602944
335, 0.0276664765077, 0.0263167328891
336, 0.0276663597975, 0.0263161071529
337, 0.027666244832, 0.0263155272809
338, 0.0276661401734, 0.0263149180498
339, 0.027666015152, 0.0263143427903
340, 0.0276659028054, 0.0263137355701
341, 0.0276657859493, 0.0263131385823
342, 0.0276656664954, 0.0263125480325
343, 0.027665560595, 0.0263120010055
344, 0.0276654369979, 0.0263114020304
345, 0.0276653279306, 0.0263108068698
346, 0.027665210604, 0.0263102408808
347, 0.0276650985193, 0.0263096959849
348, 0.0276649836137, 0.0263091403058
349, 0.0276648791217, 0.0263085730119
350, 0.0276647614184, 0.0263080175757
351, 0.0276646602657, 0.0263074685245
352, 0.0276645476746, 0.0263069440422
353, 0.0276644319028, 0.0263063842948
354, 0.0276643259199, 0.0263058495192
355, 0.0276642153828, 0.0263053265793
356, 0.0276641044551, 0.02630479632
357, 0.0276639921164, 0.0263042435117
358, 0.0276638910171, 0.0263037325595
359, 0.0276637839324, 0.0263032252354
360, 0.0276636746012, 0.0263027227409
361, 0.0276635619505, 0.0263022007941
362, 0.0276634531353, 0.0263017062746
363, 0.0276633484847, 0.026301193032
364, 0.0276632383172, 0.0263007042499
365, 0.0276631368044, 0.0263002124084
366, 0.0276630336216, 0.0262996776914
367, 0.0276629162851, 0.0262992064358
368, 0.0276628164351, 0.0262987319655
369, 0.0276627121596, 0.0262982436031
370, 0.027662601708, 0.0262977664604
371, 0.027662498858, 0.0262972628908
372, 0.0276623974516, 0.0262967800218
373, 0.0276622819546, 0.0262963481758
374, 0.027662184331, 0.0262958731122
375, 0.0276620798862, 0.0262953698627
376, 0.0276619756311, 0.0262948947732
377, 0.0276618730192, 0.0262944768452
378, 0.0276617762583, 0.0262940254278
379, 0.0276616594876, 0.02629355754
380, 0.027661556943, 0.0262930946857
381, 0.0276614560288, 0.0262926525482
382, 0.0276613480965, 0.0262922254417
383, 0.027661248033, 0.0262917812645
384, 0.0276611460196, 0.0262913492258
385, 0.027661045964, 0.0262908886802
386, 0.0276609422738, 0.0262904752839
387, 0.0276608389936, 0.0262900646721
388, 0.0276607452049, 0.0262896046675
389, 0.0276606385823, 0.0262891751075
390, 0.0276605373585, 0.0262887536026
391, 0.0276604315568, 0.026288347721
392, 0.0276603379767, 0.0262879171747
393, 0.0276602315864, 0.0262874885514
394, 0.0276601304501, 0.0262870875399
395, 0.0276600300548, 0.0262866923295
396, 0.0276599303311, 0.0262862975167
397, 0.0276598290479, 0.0262858702859
398, 0.0276597342139, 0.0262854636905
399, 0.02765963496, 0.0262850598205
400, 0.0276595329754, 0.0262846804002
401, 0.027659437417, 0.0262842787404
402, 0.0276593289918, 0.0262838504468
403, 0.02765922889, 0.0262834705497
404, 0.0276591348021, 0.0262831289056
405, 0.0276590342501, 0.0262827435066
406, 0.0276589267588, 0.0262823213535
407, 0.0276588399241, 0.026281923366
408, 0.0276587399774, 0.0262815684914
409, 0.0276586332352, 0.0262812100958
410, 0.0276585320593, 0.0262808248801
411, 0.0276584407411, 0.0262804319766
412, 0.027658333297, 0.0262800503399
413, 0.0276582432537, 0.0262797165321
414, 0.0276581415175, 0.0262793498613
415, 0.0276580474103, 0.0262789507828
416, 0.0276579521978, 0.0262786046302
417, 0.0276578429485, 0.0262782570061
418, 0.0276577468394, 0.0262778945259
419, 0.0276576450751, 0.0262775309024
420, 0.0276575538784, 0.0262771655681
421, 0.027657455606, 0.026276809052
422, 0.0276573551556, 0.0262764858513
423, 0.0276572587455, 0.0262761102786
424, 0.0276571573944, 0.0262757443495
425, 0.0276570595181, 0.0262753986085
426, 0.0276569567541, 0.0262751091143
427, 0.0276568627908, 0.0262747504503
428, 0.027656764671, 0.0262743446055
429, 0.0276566622079, 0.0262740348902
430, 0.0276565722597, 0.02627371642
431, 0.0276564763189, 0.0262733815285
432, 0.0276563743347, 0.0262730006667
433, 0.0276562846819, 0.0262726834139
434, 0.0276561810304, 0.0262723796221
435, 0.0276560892324, 0.0262720461876
436, 0.0276559932354, 0.026271705066
437, 0.0276558957629, 0.0262713757941
438, 0.0276558010123, 0.0262710478015
439, 0.0276557044643, 0.0262707168294
440, 0.0276556131351, 0.0262704144119
441, 0.0276555091214, 0.0262701055807
442, 0.0276554104329, 0.0262697511546
443, 0.0276553138156, 0.0262694291823
444, 0.027655218376, 0.0262691252661
445, 0.0276551220738, 0.0262688163511
446, 0.0276550253837, 0.0262684763201
447, 0.0276549323792, 0.0262681595323
448, 0.0276548332527, 0.0262678543231
449, 0.027654741157, 0.0262675756771
450, 0.0276546417836, 0.0262672549904
451, 0.027654550108, 0.0262669461992
452, 0.0276544512126, 0.0262666208618
453, 0.0276543543088, 0.0262663181858
454, 0.0276542543016, 0.0262660115553
455, 0.0276541578619, 0.0262657346034
456, 0.0276540643128, 0.0262654244565
457, 0.0276539700769, 0.0262651094551
458, 0.027653876598, 0.0262648352525
459, 0.0276537793083, 0.0262645248888
460, 0.0276536851434, 0.0262642070388
461, 0.0276535912137, 0.0262639219249
462, 0.0276534954589, 0.0262636505917
463, 0.0276533927705, 0.0262633326018
464, 0.0276533000503, 0.0262630359203
465, 0.0276532054012, 0.0262627544023
466, 0.0276531139148, 0.0262624817814
467, 0.0276530173934, 0.026262172563
468, 0.0276529227251, 0.0262618875438
469, 0.0276528243139, 0.0262615831794
470, 0.0276527262573, 0.0262613070944
471, 0.0276526389078, 0.0262610236422
472, 0.0276525415681, 0.0262607512384
473, 0.0276524487749, 0.0262604492378
474, 0.0276523510377, 0.0262601713347
475, 0.027652256608, 0.0262599103651
476, 0.0276521623361, 0.0262596159808
477, 0.027652070237, 0.0262593198697
478, 0.0276519790883, 0.0262590695329
479, 0.0276518885142, 0.0262587738099
480, 0.0276517927915, 0.0262584854483
481, 0.0276516910296, 0.0262582103596
482, 0.0276515985549, 0.0262579341784
483, 0.0276515135933, 0.026257680984
484, 0.0276514112723, 0.0262573906617
485, 0.0276513098152, 0.0262571189226
486, 0.0276512190326, 0.0262568555555
487, 0.0276511284932, 0.026256577162
488, 0.0276510327696, 0.0262563042186
489, 0.027650939081, 0.0262560362509
490, 0.0276508533804, 0.0262557700907
491, 0.0276507522811, 0.0262554933457
492, 0.0276506608994, 0.0262552380624
493, 0.0276505710265, 0.0262549640803
494, 0.0276504688099, 0.0262547147928
495, 0.0276503798512, 0.0262544315141
496, 0.0276502895152, 0.0262541629824
497, 0.0276501911286, 0.0262539107409
498, 0.0276500921183, 0.0262536592784
499, 0.0276499969382, 0.0262534025117
