iteration,train_error,test_error
0, 1245.75138542, 1246.39867273
1, 315.526330966, 316.08070923
2, 55.2091110245, 55.2277773997
3, 90.8687552727, 87.6221455008
4, 66.1655600764, 69.4070803227
5, 122.436412233, 122.592638387
6, 9.83462716163, 9.82013386086
7, 4.24344641801, 4.11757651344
8, 4.78573096679, 4.43376998435
9, 1.21033725383, 1.2571542999
10, 1.18955874951, 1.23598159639
11, 2.83620846305, 2.88255477709
12, 3.20214348203, 3.14685592134
13, 2.80720625743, 2.74861542963
14, 0.0511096356711, 0.050096270357
15, 35.8965453319, 35.4530264077
16, 4.86368483003, 4.84569502914
17, 5.74345474016, 5.80744092169
18, 2.1891864681, 2.22376134021
19, 0.541851412286, 0.542705626716
20, 0.120273958033, 0.119773712278
21, 0.0285528833155, 0.0312852362525
22, 0.0427960466801, 0.0478038835939
23, 0.0699992651862, 0.0759226129334
24, 0.0804921760317, 0.0864229987152
25, 0.069511054227, 0.0748959484151
26, 0.0459663401677, 0.0506677168288
27, 0.0289689363468, 0.0331655722568
28, 0.0320880110125, 0.035917996633
29, 0.044501437292, 0.0480056541452
30, 0.0444702300394, 0.0478188987675
31, 0.0319650576806, 0.0356197034758
32, 0.0277614975858, 0.032446252947
33, 0.0365974548708, 0.0426673541616
34, 0.0410715575413, 0.0478432542625
35, 0.0336427460099, 0.0397747720855
36, 0.0274505912154, 0.0319932806498
37, 0.0309146923882, 0.0338685899023
38, 0.0362023844429, 0.0382861721459
39, 0.0346638013347, 0.0368697608236
40, 0.0294122236903, 0.0326666249093
41, 0.0282936228156, 0.0330918029138
42, 0.0317122189565, 0.0378106516812
43, 0.0335026973877, 0.0400040489766
44, 0.0310817117869, 0.0369464064196
45, 0.0283421524705, 0.0329461779637
46, 0.0286706501386, 0.0320143431402
47, 0.0305994979291, 0.0331407429554
48, 0.0310348014162, 0.0334066633479
49, 0.0294936953659, 0.0322790600189
50, 0.0280237117744, 0.0315951462469
51, 0.0281614979549, 0.0325741697301
52, 0.0291717124489, 0.0341479273282
53, 0.0293983233444, 0.0344518714319
54, 0.028519797751, 0.033183030815
55, 0.0276434840131, 0.0316605716994
56, 0.0276061846536, 0.0309855128158
57, 0.0280863113807, 0.0310312116358
58, 0.0282881594344, 0.0310882984284
59, 0.0279204693751, 0.0308558113629
60, 0.0273747683334, 0.0306443143299
61, 0.0271599259489, 0.0308373374185
62, 0.0273423035995, 0.0313654458024
63, 0.0275626564433, 0.0317640438751
64, 0.0275018715029, 0.0316736146109
65, 0.0272093451308, 0.0311771182499
66, 0.0269683624781, 0.0306419248218
67, 0.0269506689031, 0.0303364186175
68, 0.0270707237347, 0.0302525978884
69, 0.0271312297329, 0.0302351321676
70, 0.0270415934539, 0.0301964920418
71, 0.0268829722506, 0.0301872138507
72, 0.026793080104, 0.0302919753462
73, 0.0268193111864, 0.0304980262153
74, 0.0268884824566, 0.0306819189451
75, 0.0269010946601, 0.0307172708241
76, 0.0268340562364, 0.0305833704379
77, 0.0267486240228, 0.0303694060689
78, 0.0267137991325, 0.0301863186381
79, 0.0267372194655, 0.0300841893737
80, 0.026769659046, 0.0300449234533
81, 0.026764016136, 0.0300346104686
82, 0.0267210288651, 0.0300475550502
83, 0.0266794420688, 0.0301003983213
84, 0.0266706508232, 0.030193787428
85, 0.0266886920952, 0.0302916830131
86, 0.026702682133, 0.0303421114855
87, 0.0266919409001, 0.0303177202773
88, 0.0266648905377, 0.030235254069
89, 0.026645235193, 0.0301379848529
90, 0.026645405214, 0.0300622948135
91, 0.0266560598846, 0.0300198514809
92, 0.0266593790274, 0.0300054227526
93, 0.0266487008287, 0.0300134441954
94, 0.0266332462819, 0.0300439286653
95, 0.0266257907091, 0.0300933742844
96, 0.0266289423462, 0.0301462856861
97, 0.0266341319041, 0.0301797817297
98, 0.0266324305608, 0.0301782136767
99, 0.0266238923397, 0.0301438926755
100, 0.0266158442422, 0.030093943626
101, 0.026613956655, 0.0300477651216
102, 0.0266165982209, 0.0300168440017
103, 0.0266177866868, 0.0300038683759
104, 0.0266143358153, 0.030007795552
105, 0.0266086737727, 0.0300264200517
106, 0.026605306463, 0.0300549427808
107, 0.0266055734541, 0.0300839309499
108, 0.0266067812184, 0.0301018429876
109, 0.0266057774937, 0.0301011668969
110, 0.0266024605875, 0.0300829004348
111, 0.0265993267242, 0.0300553418424
112, 0.0265982952731, 0.0300285934572
113, 0.0265987041233, 0.0300098829915
114, 0.0265985075248, 0.0300022047635
115, 0.0265967413942, 0.0300055767447
116, 0.026594415724, 0.0300178585296
117, 0.0265930398214, 0.0300347359815
118, 0.0265928395256, 0.0300499346597
119, 0.0265927147861, 0.0300574118583
120, 0.0265917534546, 0.0300541553053
121, 0.0265901461827, 0.0300418004412
122, 0.0265888408777, 0.0300252226153
123, 0.0265882927084, 0.030010019659
124, 0.0265880456161, 0.0300001633951
125, 0.0265874281073, 0.0299973539694
126, 0.0265863130879, 0.0300012052608
127, 0.0265852333288, 0.0300096235221
128, 0.0265845905505, 0.0300191502082
129, 0.0265842353636, 0.0300258666557
130, 0.0265837351704, 0.0300270184965
131, 0.026582930373, 0.0300219970604
132, 0.026582065314, 0.0300128406233
133, 0.0265814143696, 0.0300026940626
134, 0.026580997277, 0.0299945848246
135, 0.0265805476239, 0.0299904643606
136, 0.0265799236868, 0.0299907395584
137, 0.0265792146997, 0.0299945021881
138, 0.0265786256542, 0.0299997940959
139, 0.0265781852355, 0.0300041764965
140, 0.0265777602056, 0.0300056730277
141, 0.0265772233177, 0.0300034400733
142, 0.0265766438728, 0.0299982568427
143, 0.0265761133075, 0.0299917735525
144, 0.0265756855601, 0.0299860439996
145, 0.0265752738064, 0.0299824528112
146, 0.0265748111795, 0.0299816266078
147, 0.0265743071675, 0.0299831737514
148, 0.0265738444346, 0.029985894528
149, 0.0265734455261, 0.0299883239804
150, 0.0265730513238, 0.0299891593977
151, 0.0265726205746, 0.029987783466
152, 0.0265721819147, 0.0299844794841
153, 0.0265717589558, 0.0299802826031
154, 0.0265713788769, 0.0299763496584
155, 0.0265710182351, 0.0299737022985
156, 0.0265706242111, 0.0299727705477
157, 0.0265702400591, 0.0299732988124
158, 0.0265698602073, 0.0299746057288
159, 0.0265695054766, 0.02997572506
160, 0.0265691524504, 0.0299758804042
161, 0.0265688028045, 0.0299746434456
162, 0.0265684452541, 0.0299722732064
163, 0.026568106106, 0.029969371396
164, 0.0265677642842, 0.0299667058773
165, 0.0265674414101, 0.0299648546682
166, 0.0265671210107, 0.0299641003581
167, 0.0265667913537, 0.0299642127609
168, 0.0265664654223, 0.0299647194891
169, 0.0265661592288, 0.0299649877132
170, 0.0265658560582, 0.0299646258813
171, 0.0265655472103, 0.0299634321877
172, 0.0265652540597, 0.0299615507747
173, 0.0265649598637, 0.0299594972343
174, 0.0265646756847, 0.0299576660643
175, 0.0265643787026, 0.0299564190457
176, 0.0265641085607, 0.0299558192325
177, 0.0265638253217, 0.0299557309323
178, 0.0265635491064, 0.0299557454332
179, 0.0265632835973, 0.0299555316202
180, 0.0265630175958, 0.0299548337353
181, 0.0265627555525, 0.02995364651
182, 0.0265624915844, 0.0299521641674
183, 0.0265622375132, 0.0299506493316
184, 0.0265619870831, 0.0299493912572
185, 0.0265617320593, 0.0299485204297
186, 0.026561493272, 0.0299480357921
187, 0.0265612420241, 0.0299477776319
188, 0.0265610093292, 0.029947505117
189, 0.0265607726658, 0.0299469742165
190, 0.0265605356567, 0.0299461493242
191, 0.0265603061115, 0.0299450425073
192, 0.0265600749228, 0.0299438308578
193, 0.02655984454, 0.0299427260472
194, 0.0265596343483, 0.0299418078188
195, 0.0265593999625, 0.0299411955816
196, 0.0265591981745, 0.0299407403938
197, 0.0265589738817, 0.0299403594731
198, 0.0265587641188, 0.0299398694912
199, 0.0265585485887, 0.0299391888494
200, 0.0265583369523, 0.0299383440561
201, 0.0265581303846, 0.0299373571751
202, 0.0265579364934, 0.0299364173607
203, 0.026557728107, 0.0299355721359
204, 0.0265575385577, 0.0299349124834
205, 0.0265573396152, 0.0299343928777
206, 0.0265571552698, 0.0299339057662
207, 0.0265569598595, 0.0299334430619
208, 0.0265567677925, 0.0299328568259
209, 0.0265565831483, 0.0299321079671
210, 0.0265563985669, 0.0299312913095
211, 0.0265562154103, 0.029930502349
212, 0.0265560353901, 0.029929750609
213, 0.0265558551842, 0.029929113255
214, 0.0265556831279, 0.0299285598876
215, 0.0265555034825, 0.0299280619709
216, 0.026555339916, 0.0299275743039
217, 0.0265551627649, 0.0299270157295
218, 0.0265549918249, 0.0299263763718
219, 0.026554822909, 0.0299256968284
220, 0.0265546660624, 0.0299249750013
221, 0.0265544947171, 0.0299243177776
222, 0.0265543304038, 0.0299237163847
223, 0.0265541763877, 0.0299231810335
224, 0.0265540136914, 0.0299226669428
225, 0.0265538563344, 0.029922188301
226, 0.0265537023248, 0.0299216291812
227, 0.0265535431723, 0.029921097638
228, 0.0265533926648, 0.0299204955455
229, 0.026553246015, 0.0299198631264
230, 0.0265530945407, 0.0299192651662
231, 0.0265529495939, 0.02991869413
232, 0.0265528046889, 0.0299181993887
233, 0.0265526551216, 0.0299177220378
234, 0.026552507077, 0.0299172191947
235, 0.0265523614086, 0.0299167385575
236, 0.0265522268563, 0.0299161974193
237, 0.026552083972, 0.0299156637496
238, 0.0265519554874, 0.0299150980026
239, 0.0265518158626, 0.0299145427123
240, 0.0265516836112, 0.0299140490852
241, 0.0265515494909, 0.029913569605
242, 0.0265514168161, 0.0299131024145
243, 0.0265512865536, 0.0299126385311
244, 0.0265511576103, 0.0299121603765
245, 0.0265510310501, 0.0299116508743
246, 0.0265508974604, 0.0299111650812
247, 0.0265507747848, 0.029910656947
248, 0.026550653635, 0.0299101920203
249, 0.0265505282082, 0.0299097352958
250, 0.0265503931648, 0.0299092696497
251, 0.0265502833167, 0.0299088470369
252, 0.0265501567123, 0.0299084054582
253, 0.0265500374554, 0.0299079517467
254, 0.026549924024, 0.0299074879292
255, 0.0265498094926, 0.0299070269866
256, 0.0265496922958, 0.0299065785972
257, 0.0265495774019, 0.0299061378484
258, 0.0265494674135, 0.0299056942777
259, 0.0265493554841, 0.0299052937175
260, 0.0265492433679, 0.0299048925971
261, 0.0265491220823, 0.0299044616123
262, 0.0265490112007, 0.0299040607994
263, 0.0265489126177, 0.029903635368
264, 0.026548797949, 0.0299031916194
265, 0.0265487018236, 0.0299027690248
266, 0.0265485918679, 0.0299023743196
267, 0.0265484925498, 0.0299019744206
268, 0.0265483808566, 0.0299016071493
269, 0.0265482758293, 0.0299012037372
270, 0.0265481792059, 0.0299008234218
271, 0.026548079259, 0.0299004465568
272, 0.0265479767163, 0.029900035251
273, 0.0265478802084, 0.0298996514154
274, 0.0265477771216, 0.0298992795442
275, 0.0265476872676, 0.0298989108702
276, 0.0265475846755, 0.0298985378839
277, 0.026547488202, 0.0298981632541
278, 0.0265473897793, 0.029897811137
279, 0.0265472909505, 0.0298974339239
280, 0.0265472060441, 0.02989708008
281, 0.0265471106221, 0.0298967196732
282, 0.0265470215842, 0.0298963661064
283, 0.0265469306493, 0.0298960037029
284, 0.0265468362892, 0.0298956477661
285, 0.0265467405096, 0.029895312811
286, 0.0265466578073, 0.0298949939545
287, 0.0265465752508, 0.0298946442176
288, 0.0265464938652, 0.0298943103959
289, 0.0265464051962, 0.0298939965241
290, 0.0265463208267, 0.0298936545781
291, 0.0265462371405, 0.0298933066821
292, 0.0265461532451, 0.0298930085432
293, 0.026546066908, 0.0298926741582
294, 0.0265459823128, 0.0298923787834
295, 0.026545896148, 0.0298920593914
296, 0.0265458181855, 0.0298917519024
297, 0.0265457386471, 0.0298914327509
298, 0.0265456594818, 0.0298911218732
299, 0.0265455701693, 0.0298908064936
300, 0.0265454995233, 0.0298905055712
301, 0.0265454244463, 0.0298902201626
302, 0.0265453424516, 0.0298899228793
303, 0.026545273486, 0.0298896388163
304, 0.0265451888473, 0.0298893585546
305, 0.0265451130226, 0.0298890546831
306, 0.02654503706, 0.0298887727213
307, 0.0265449655755, 0.0298884760916
308, 0.0265448941661, 0.0298882086251
309, 0.0265448235354, 0.0298879218419
310, 0.026544749927, 0.0298876449076
311, 0.0265446755928, 0.0298873736473
312, 0.0265445983934, 0.0298870773023
313, 0.0265445357194, 0.0298868370415
314, 0.0265444651175, 0.0298865814313
315, 0.0265443859909, 0.0298863016012
316, 0.0265443137468, 0.029886026698
317, 0.0265442498229, 0.0298857745127
318, 0.0265441857156, 0.0298855150867
319, 0.0265441155283, 0.029885262828
320, 0.0265440566389, 0.0298850193863
321, 0.0265439863813, 0.0298847731303
322, 0.0265439243446, 0.0298845166428
323, 0.0265438469099, 0.0298842802599
324, 0.026543784348, 0.029884029127
325, 0.0265437237514, 0.0298838005831
326, 0.0265436626315, 0.0298835659539
327, 0.0265435972582, 0.0298833136972
328, 0.0265435353326, 0.0298830742713
329, 0.0265434676322, 0.0298828507239
330, 0.0265434091025, 0.0298826363089
331, 0.026543346447, 0.0298823873526
332, 0.0265432793346, 0.0298821690064
333, 0.02654322899, 0.0298819505235
334, 0.0265431657313, 0.0298817115593
335, 0.0265431092407, 0.0298815045202
336, 0.0265430503408, 0.0298812895451
337, 0.0265429823532, 0.0298810787293
338, 0.0265429219259, 0.0298808704872
339, 0.0265428648361, 0.0298806588054
340, 0.0265428064421, 0.029880456089
341, 0.0265427441511, 0.0298802443461
342, 0.0265426907451, 0.0298800182117
343, 0.0265426303597, 0.029879823038
344, 0.0265425777989, 0.0298796487277
345, 0.0265425211364, 0.0298794467102
346, 0.0265424671376, 0.029879250774
347, 0.0265424197091, 0.0298790613706
348, 0.0265423533661, 0.0298788628816
349, 0.0265423045162, 0.0298786633292
350, 0.0265422474452, 0.0298784669664
351, 0.026542190829, 0.029878275955
352, 0.026542142582, 0.0298780838477
353, 0.0265420856118, 0.0298779282487
354, 0.0265420298406, 0.0298777464191
355, 0.0265419805896, 0.0298775690293
356, 0.0265419300514, 0.0298773810501
357, 0.0265418821326, 0.0298772012685
358, 0.0265418255844, 0.0298770248514
359, 0.0265417771524, 0.0298768642506
360, 0.0265417202577, 0.0298766971072
361, 0.0265416744022, 0.0298765190841
362, 0.0265416229711, 0.0298763575254
363, 0.0265415684705, 0.0298761964261
364, 0.0265415204727, 0.0298760205151
365, 0.0265414726876, 0.0298758546088
366, 0.0265414228054, 0.0298757064012
367, 0.0265413687211, 0.0298755483154
368, 0.0265413208148, 0.0298753884824
369, 0.0265412767279, 0.0298752396858
370, 0.0265412346139, 0.0298750798096
371, 0.0265411774476, 0.0298749274261
372, 0.0265411379614, 0.0298747802825
373, 0.0265410846947, 0.0298746239231
374, 0.0265410304672, 0.0298744858969
375, 0.0265409899194, 0.0298743678754
376, 0.0265409483606, 0.029874199466
377, 0.0265408937991, 0.0298740392051
378, 0.0265408532844, 0.0298739375576
379, 0.0265408097289, 0.0298737927636
380, 0.0265407603676, 0.0298736601082
381, 0.0265407142349, 0.0298734959929
382, 0.0265406686892, 0.0298733884371
383, 0.0265406240405, 0.0298732465566
384, 0.026540580763, 0.0298731256124
385, 0.0265405326305, 0.0298730036549
386, 0.0265404803164, 0.0298728530867
387, 0.0265404395802, 0.0298727379296
388, 0.0265403974402, 0.0298726393378
389, 0.0265403526509, 0.0298724970197
390, 0.0265403127048, 0.0298723787651
391, 0.0265402653403, 0.029872263073
392, 0.0265402235043, 0.0298721471796
393, 0.0265401765337, 0.0298720353836
394, 0.0265401312043, 0.0298719104191
395, 0.0265400990302, 0.0298718047941
396, 0.0265400425534, 0.0298716910439
397, 0.0265400108127, 0.0298715717144
398, 0.0265399667971, 0.0298714757912
399, 0.0265399242717, 0.029871358288
400, 0.0265398828317, 0.0298712317893
401, 0.0265398385225, 0.0298711381817
402, 0.026539804931, 0.0298710544655
403, 0.0265397532833, 0.0298709539416
404, 0.026539705377, 0.0298708393557
405, 0.0265396760532, 0.0298707460597
406, 0.0265396283066, 0.0298706360448
407, 0.0265395824405, 0.0298705452523
408, 0.026539540613, 0.0298704515927
409, 0.0265395055926, 0.0298703628604
410, 0.0265394592201, 0.0298702697466
411, 0.0265394219177, 0.0298701754459
412, 0.0265393832116, 0.0298700896983
413, 0.0265393421713, 0.0298699931554
414, 0.0265393032123, 0.0298698937807
415, 0.0265392595879, 0.0298698095323
416, 0.026539218772, 0.0298697391447
417, 0.0265391880372, 0.0298696685841
418, 0.0265391423045, 0.0298695745127
419, 0.026539098649, 0.029869485172
420, 0.0265390636161, 0.0298694168444
421, 0.0265390235168, 0.0298693224142
422, 0.0265389795734, 0.0298692623404
423, 0.0265389398716, 0.029869170508
424, 0.0265388938527, 0.0298691025105
425, 0.0265388612058, 0.0298690290525
426, 0.0265388200901, 0.0298689459522
427, 0.0265387879434, 0.0298688866601
428, 0.0265387402063, 0.0298688132559
429, 0.0265387041042, 0.0298687309076
430, 0.0265386673297, 0.0298686676987
431, 0.0265386223767, 0.0298686190915
432, 0.026538584454, 0.0298685631556
433, 0.0265385478228, 0.0298684985483
434, 0.0265385103687, 0.0298684269211
435, 0.0265384810691, 0.029868350807
436, 0.0265384312142, 0.029868285445
437, 0.026538392573, 0.0298682245807
438, 0.0265383586342, 0.02986817409
439, 0.026538318374, 0.0298681463437
440, 0.0265382765162, 0.0298680738861
441, 0.0265382389053, 0.0298680205335
442, 0.0265382009496, 0.0298679469475
443, 0.0265381639876, 0.0298678964533
444, 0.0265381208674, 0.0298678608928
445, 0.026538086661, 0.0298678104988
446, 0.0265380494639, 0.0298677596817
447, 0.0265380140446, 0.0298677138933
448, 0.0265379705647, 0.0298676669462
449, 0.0265379270348, 0.0298676211768
450, 0.0265378939593, 0.0298675772714
451, 0.0265378583417, 0.0298675310912
452, 0.0265378178948, 0.0298675028897
453, 0.0265377809248, 0.0298674513752
454, 0.0265377434183, 0.0298674094151
455, 0.026537711711, 0.0298673499544
456, 0.0265376595785, 0.0298673133518
457, 0.0265376292979, 0.0298672949405
458, 0.026537593272, 0.029867250667
459, 0.0265375474105, 0.0298672208915
460, 0.0265375068141, 0.0298671854711
461, 0.0265374781744, 0.0298671616721
462, 0.0265374361065, 0.0298671224528
463, 0.0265373949835, 0.0298670807802
464, 0.0265373580481, 0.0298670643113
465, 0.0265373242324, 0.0298670356975
466, 0.026537284822, 0.0298670051747
467, 0.0265372448679, 0.0298669811035
468, 0.0265372051027, 0.0298669493577
469, 0.0265371698594, 0.029866908091
470, 0.026537122454, 0.0298669016856
471, 0.0265370934895, 0.0298668702735
472, 0.026537050229, 0.0298668351577
473, 0.0265370154371, 0.0298668378001
474, 0.0265369794073, 0.0298667971242
475, 0.0265369428415, 0.0298667921694
476, 0.0265369033906, 0.0298667873661
477, 0.0265368617736, 0.0298667483887
478, 0.0265368295281, 0.029866730446
479, 0.0265367872881, 0.0298667273306
480, 0.0265367485582, 0.0298667037116
481, 0.0265367053855, 0.0298666934371
482, 0.026536676118, 0.029866668061
483, 0.0265366336891, 0.0298666710816
484, 0.0265366012286, 0.0298666558125
485, 0.0265365597786, 0.0298666461525
486, 0.02653652086, 0.029866652821
487, 0.026536485622, 0.0298666268471
488, 0.0265364371861, 0.0298666319087
489, 0.0265364108011, 0.0298666160131
490, 0.0265363700336, 0.029866609471
491, 0.0265363300323, 0.0298666104273
492, 0.0265362948575, 0.0298665930619
493, 0.0265362542308, 0.0298666008558
494, 0.0265362115182, 0.0298665955703
495, 0.0265361781294, 0.0298665930385
496, 0.0265361372422, 0.0298665929725
497, 0.0265360904707, 0.0298665868399
498, 0.0265360607075, 0.0298665797347
499, 0.0265360136507, 0.0298665940295
500, 0.0265359878472, 0.0298665926405
501, 0.026535944907, 0.0298665934801
502, 0.0265359006657, 0.0298666094203
503, 0.0265358695952, 0.0298666118578
504, 0.0265358283184, 0.0298665925585
505, 0.0265357902256, 0.0298666191872
506, 0.026535743739, 0.0298666231361
507, 0.0265357064099, 0.0298666514232
508, 0.0265356684652, 0.0298666546217
509, 0.0265356317607, 0.0298666606154
510, 0.0265355876901, 0.029866670088
511, 0.0265355603413, 0.0298666827094
512, 0.0265355205193, 0.0298666880617
513, 0.0265354834476, 0.0298667108649
514, 0.0265354412773, 0.0298667210296
515, 0.0265354004086, 0.0298667610626
516, 0.0265353687462, 0.0298667452082
517, 0.0265353281284, 0.0298667673579
518, 0.0265352793627, 0.0298667889734
519, 0.0265352507612, 0.029866807466
520, 0.0265352020214, 0.0298668124191
521, 0.0265351611582, 0.0298668511922
522, 0.0265351298175, 0.0298668594513
523, 0.0265350939919, 0.0298668726197
524, 0.0265350573221, 0.0298669030994
525, 0.0265350153562, 0.0298669199707
526, 0.0265349703953, 0.0298669447903
527, 0.0265349275663, 0.0298669747247
528, 0.0265348958131, 0.0298670118362
529, 0.0265348597092, 0.029867015518
530, 0.0265348206373, 0.0298670419201
531, 0.0265347838563, 0.0298670683993
532, 0.0265347330738, 0.0298670972931
533, 0.0265346979399, 0.0298671228697
534, 0.0265346562505, 0.029867154005
535, 0.0265346135517, 0.0298671775247
536, 0.0265345801156, 0.0298672065229
537, 0.0265345483777, 0.0298672708659
538, 0.0265345078685, 0.0298672873284
539, 0.0265344592945, 0.0298673238552
540, 0.0265344201663, 0.0298673376197
541, 0.0265343806112, 0.0298673853099
542, 0.0265343333684, 0.0298674252714
543, 0.0265343033229, 0.0298674527043
544, 0.0265342625484, 0.0298674789157
545, 0.0265342298708, 0.0298675179249
546, 0.0265341830926, 0.0298675687051
547, 0.0265341389667, 0.0298675882734
548, 0.0265340986666, 0.0298676429759
549, 0.0265340639732, 0.0298676774506
550, 0.0265340183818, 0.0298677242652
551, 0.0265339843327, 0.0298677520725
552, 0.0265339390562, 0.0298677807364
553, 0.0265338994897, 0.0298678211421
554, 0.0265338629172, 0.0298678761085
555, 0.0265338258159, 0.0298679159214
556, 0.0265337798318, 0.0298679381937
557, 0.0265337462723, 0.0298679936044
558, 0.0265337072485, 0.0298680352994
559, 0.0265336570746, 0.0298680739043
560, 0.0265336199105, 0.0298681162796
561, 0.0265335796511, 0.0298681748945
562, 0.0265335467815, 0.0298682096809
563, 0.0265335112597, 0.0298682450391
564, 0.026533464848, 0.0298683163226
565, 0.0265334304351, 0.0298683646818
566, 0.0265333877442, 0.0298684051884
567, 0.0265333331561, 0.0298684406303
568, 0.0265333079799, 0.0298684850466
569, 0.0265332600994, 0.0298685451559
570, 0.0265332242097, 0.0298685953652
571, 0.0265331846941, 0.0298686624157
572, 0.0265331418885, 0.0298687006146
573, 0.026533105072, 0.0298687411081
574, 0.0265330550987, 0.0298687978327
575, 0.0265330161004, 0.0298688363853
576, 0.0265329824489, 0.029868916483
577, 0.0265329432464, 0.0298689554995
578, 0.0265329011096, 0.0298689861144
579, 0.0265328573647, 0.0298690548492
580, 0.0265328157319, 0.02986909505
581, 0.0265327761363, 0.029869159955
582, 0.026532739227, 0.0298692011056
583, 0.0265327000445, 0.0298692725443
584, 0.0265326572957, 0.0298693233678
585, 0.0265326146373, 0.0298693816845
586, 0.0265325743308, 0.0298694494566
587, 0.0265325340204, 0.0298694818271
588, 0.0265324984864, 0.0298695486844
589, 0.0265324563132, 0.029869601657
590, 0.0265324207563, 0.0298696692049
591, 0.0265323802969, 0.029869723649
592, 0.0265323368449, 0.0298697788849
593, 0.0265322986771, 0.0298698411442
594, 0.0265322561321, 0.0298699031741
595, 0.0265322103988, 0.0298699564519
596, 0.0265321703502, 0.0298700036767
597, 0.0265321272103, 0.0298700773053
598, 0.0265320909551, 0.0298701338287
599, 0.0265320538942, 0.0298702084679
600, 0.026532013995, 0.0298702473208
601, 0.0265319609987, 0.029870319805
602, 0.0265319256657, 0.0298703767871
603, 0.0265318822684, 0.029870455684
604, 0.0265318451027, 0.0298704982309
605, 0.0265318029803, 0.0298705559326
606, 0.0265317598945, 0.0298706265923
607, 0.0265317228526, 0.0298706822387
608, 0.0265316740551, 0.0298707503587
609, 0.0265316425258, 0.029870797239
610, 0.0265315982538, 0.0298708692286
611, 0.0265315575346, 0.0298709601476
612, 0.0265315146895, 0.0298710037467
613, 0.0265314703863, 0.029871049423
614, 0.0265314302575, 0.0298711420521
615, 0.0265313922092, 0.0298712115114
616, 0.0265313529352, 0.0298712627223
617, 0.0265313125692, 0.0298713188977
618, 0.0265312620384, 0.0298713951393
619, 0.0265312270869, 0.0298714730961
620, 0.0265311887286, 0.0298715119037
621, 0.0265311396267, 0.0298716007879
622, 0.0265310982619, 0.0298716500366
623, 0.0265310637619, 0.0298717237176
624, 0.0265310236989, 0.0298718031461
625, 0.0265309838468, 0.0298718575006
626, 0.0265309363163, 0.0298719270281
627, 0.0265309007015, 0.0298719810491
628, 0.0265308541517, 0.0298720499973
629, 0.0265308212358, 0.0298721408259
630, 0.0265307665186, 0.0298722070579
631, 0.0265307351081, 0.0298722524767
632, 0.0265306979352, 0.0298723427615
633, 0.026530649546, 0.0298724071358
634, 0.0265306156904, 0.0298724598435
635, 0.0265305696521, 0.029872508401
636, 0.0265305295588, 0.0298726074641
637, 0.0265304893249, 0.0298726669736
638, 0.0265304459337, 0.0298727328847
639, 0.0265304015409, 0.0298728096873
640, 0.0265303649976, 0.0298728751444
641, 0.0265303200106, 0.0298729415147
642, 0.0265302818344, 0.0298730195295
643, 0.0265302354709, 0.0298730978988
644, 0.026530192676, 0.0298731515104
645, 0.0265301580278, 0.0298732101426
646, 0.0265301110043, 0.0298733009404
647, 0.0265300707839, 0.029873377842
648, 0.0265300268927, 0.0298734591245
649, 0.0265299894097, 0.0298735084944
650, 0.0265299524349, 0.0298735742608
651, 0.0265299103329, 0.0298736578092
652, 0.026529864781, 0.0298737207619
653, 0.0265298279224, 0.0298738082029
654, 0.0265297930924, 0.0298738476875
655, 0.0265297360493, 0.0298739170206
656, 0.0265297026408, 0.0298739924093
657, 0.0265296551296, 0.029874067978
658, 0.0265296211294, 0.029874158597
659, 0.0265295630274, 0.0298742161155
660, 0.0265295358885, 0.0298742724961
661, 0.0265294896938, 0.0298743551805
662, 0.0265294505362, 0.0298744442258
663, 0.0265294030206, 0.0298745084467
664, 0.0265293665061, 0.0298745799047
665, 0.026529319947, 0.0298746312572
666, 0.0265292800101, 0.0298747047839
667, 0.0265292417645, 0.0298747701146
668, 0.0265292022381, 0.0298748490837
669, 0.0265291557156, 0.0298749205907
670, 0.0265291127604, 0.0298749925969
671, 0.0265290746517, 0.0298750574521
672, 0.0265290221963, 0.0298751418661
673, 0.026528989486, 0.0298752193009
674, 0.0265289511801, 0.0298752818197
675, 0.0265288974519, 0.0298753514354
676, 0.0265288711922, 0.0298754270168
677, 0.026528825316, 0.0298755055688
678, 0.0265287721172, 0.0298755671246
679, 0.0265287309237, 0.0298756477228
680, 0.0265286864033, 0.0298757145565
681, 0.0265286484859, 0.0298757807112
682, 0.0265285991125, 0.0298758547192
683, 0.0265285667692, 0.029875932164
684, 0.026528525259, 0.0298760205889
685, 0.0265284806331, 0.0298760762497
686, 0.0265284425604, 0.0298761329195
687, 0.0265283985153, 0.0298762168853
688, 0.0265283536138, 0.0298762812899
689, 0.026528316509, 0.0298763488171
690, 0.0265282740746, 0.0298764158457
691, 0.0265282293612, 0.0298765143947
692, 0.0265281839568, 0.0298765854307
693, 0.0265281454803, 0.0298766424231
694, 0.0265281022686, 0.0298767170428
695, 0.0265280585883, 0.0298767846464
696, 0.0265280152822, 0.0298768769159
697, 0.0265279707256, 0.0298769291641
698, 0.0265279304135, 0.0298770136165
699, 0.0265278872594, 0.0298770742747
700, 0.0265278400294, 0.0298771618812
701, 0.0265278035774, 0.0298772411457
702, 0.0265277530573, 0.0298773120339
703, 0.0265277185945, 0.0298773572256
704, 0.0265276734366, 0.0298774365161
705, 0.0265276291306, 0.0298775171006
706, 0.0265275820819, 0.0298775875841
707, 0.0265275431763, 0.0298776688142
708, 0.0265274921605, 0.0298777380101
709, 0.0265274494789, 0.029877795018
710, 0.0265274095241, 0.0298778699999
711, 0.0265273628722, 0.029877955963
712, 0.0265273168064, 0.0298780310202
713, 0.0265272741028, 0.0298780870537
714, 0.0265272327645, 0.0298781679025
715, 0.0265271873793, 0.0298782421466
716, 0.0265271506742, 0.0298783074108
717, 0.0265271003569, 0.0298783852108
718, 0.026527064615, 0.0298784581114
719, 0.0265270108078, 0.0298785247815
720, 0.0265269691117, 0.029878589728
721, 0.0265269318661, 0.029878681291
722, 0.0265268799859, 0.0298787392662
723, 0.0265268351318, 0.0298788093561
724, 0.0265267928245, 0.0298788801464
725, 0.0265267461361, 0.0298789475264
726, 0.0265267030791, 0.0298790496437
727, 0.0265266637244, 0.0298791140743
728, 0.0265266194285, 0.0298791993593
729, 0.0265265727763, 0.0298792544685
730, 0.0265265322919, 0.0298793474755
731, 0.0265264869498, 0.0298793999679
732, 0.0265264300566, 0.0298794713471
733, 0.0265263965747, 0.0298795595809
734, 0.0265263505741, 0.029879603418
735, 0.0265263085225, 0.029879687273
736, 0.0265262622214, 0.0298797669056
737, 0.0265262068373, 0.0298798324146
738, 0.0265261765733, 0.0298799181212
739, 0.0265261234134, 0.0298799705947
740, 0.0265260757056, 0.0298800597132
741, 0.026526028362, 0.0298801447776
742, 0.0265259814599, 0.0298802118064
743, 0.0265259346429, 0.0298802738032
744, 0.0265258907031, 0.0298803425403
745, 0.0265258476426, 0.0298804189535
746, 0.0265258029145, 0.0298804997535
747, 0.0265257464122, 0.0298805700728
748, 0.0265257014649, 0.0298806445993
749, 0.0265256672852, 0.0298807164928
750, 0.0265256151142, 0.0298807988625
751, 0.0265255741617, 0.0298808845974
752, 0.0265255214621, 0.029880955766
753, 0.0265254737739, 0.029881045088
754, 0.0265254274348, 0.0298810926516
755, 0.0265253812097, 0.0298811569518
756, 0.0265253320281, 0.0298812425374
757, 0.0265252844002, 0.0298813220762
758, 0.02652524203, 0.0298813941864
759, 0.0265251924331, 0.0298814597828
760, 0.0265251442552, 0.0298815312804
761, 0.0265250923631, 0.0298815893058
762, 0.0265250595564, 0.0298816883738
763, 0.0265250000661, 0.0298817748557
764, 0.0265249547207, 0.029881833435
765, 0.0265249048386, 0.0298819109969
766, 0.0265248533562, 0.0298819780878
767, 0.0265248154678, 0.0298820604255
768, 0.0265247579576, 0.029882159678
769, 0.0265247061353, 0.0298822185814
770, 0.0265246672277, 0.0298822847056
771, 0.0265246141675, 0.0298823624959
772, 0.0265245707245, 0.0298824397578
773, 0.0265245173255, 0.0298825473313
774, 0.0265244746919, 0.0298826201095
775, 0.0265244210543, 0.0298826649852
776, 0.0265243796422, 0.0298827494311
777, 0.02652431964, 0.0298828225691
778, 0.026524276988, 0.0298828890151
779, 0.0265242258898, 0.0298829865942
780, 0.0265241762806, 0.0298830756392
781, 0.026524132937, 0.0298831350671
782, 0.02652406711, 0.0298831963957
783, 0.026524023655, 0.0298832693273
784, 0.0265239694684, 0.0298833587282
785, 0.0265239200812, 0.0298834450387
786, 0.0265238672153, 0.0298834966582
787, 0.0265238189677, 0.0298836000828
788, 0.02652377711, 0.0298836650362
789, 0.0265237266947, 0.029883726144
790, 0.02652367896, 0.0298838038656
791, 0.026523612216, 0.0298838990166
792, 0.0265235723504, 0.0298839902196
793, 0.0265235117769, 0.0298840476062
794, 0.0265234611203, 0.0298841285613
795, 0.0265234044248, 0.0298842024412
796, 0.0265233639337, 0.0298842844311
797, 0.0265233137943, 0.0298843671925
798, 0.0265232521868, 0.0298844539255
799, 0.0265232039942, 0.0298845136827
800, 0.0265231527249, 0.0298846013734
801, 0.0265230938286, 0.0298846745312
802, 0.0265230438365, 0.0298847777699
803, 0.0265229870568, 0.0298848690067
804, 0.026522940203, 0.0298849385052
805, 0.0265228845759, 0.0298849920075
806, 0.0265228303592, 0.0298850719275
807, 0.0265227735454, 0.0298851764056
808, 0.0265227224252, 0.0298852570015
809, 0.0265226627899, 0.0298853542392
810, 0.0265226100368, 0.0298854292255
811, 0.026522560735, 0.0298854932843
812, 0.0265224979851, 0.0298855606438
813, 0.0265224434215, 0.0298856510218
814, 0.02652238987, 0.0298857451209
815, 0.0265223314448, 0.0298858229148
816, 0.0265222813977, 0.0298859020642
817, 0.026522226537, 0.0298859817731
818, 0.0265221686847, 0.0298860503215
819, 0.0265221103766, 0.0298861456059
820, 0.0265220537371, 0.0298862296762
821, 0.0265219991046, 0.0298863047099
822, 0.0265219383537, 0.0298863867453
823, 0.0265218814602, 0.0298864725659
824, 0.0265218293313, 0.0298865698267
825, 0.0265217668693, 0.0298866459347
826, 0.0265217107581, 0.0298867353328
827, 0.0265216525187, 0.0298868403398
828, 0.0265215929663, 0.0298869182783
829, 0.0265215396287, 0.0298869881295
830, 0.0265214812351, 0.0298870790574
831, 0.026521415998, 0.0298871592824
832, 0.0265213529497, 0.0298872632327
833, 0.0265212921357, 0.0298873457903
834, 0.0265212377464, 0.0298874377295
835, 0.0265211757705, 0.0298875358171
836, 0.026521113885, 0.0298876268717
837, 0.0265210655592, 0.0298876942414
838, 0.0265209982281, 0.0298877881243
839, 0.0265209320119, 0.0298878809691
840, 0.0265208764406, 0.0298879647515
841, 0.0265208097928, 0.0298880642923
842, 0.026520751089, 0.0298881382314
843, 0.026520691405, 0.0298882177834
844, 0.0265206289638, 0.0298883506119
845, 0.0265205680136, 0.0298884279545
846, 0.0265204971237, 0.02988851572
847, 0.0265204354662, 0.0298885944957
848, 0.02652037632, 0.0298886886104
849, 0.0265203153181, 0.0298887941231
850, 0.026520249807, 0.0298888957267
851, 0.0265201851242, 0.0298889845438
852, 0.0265201175273, 0.0298890873869
853, 0.0265200583547, 0.0298891709873
854, 0.0265199937399, 0.0298892630548
855, 0.026519932296, 0.0298893393727
856, 0.0265198618274, 0.0298894524666
857, 0.0265197932578, 0.0298895401942
858, 0.0265197242838, 0.0298896399597
859, 0.0265196687195, 0.0298897247003
860, 0.0265195953661, 0.0298898148475
861, 0.0265195287154, 0.029889905107
862, 0.0265194620464, 0.0298900069336
863, 0.0265193968672, 0.0298901141424
864, 0.0265193201589, 0.0298902186337
865, 0.026519256475, 0.0298903193705
866, 0.0265191845368, 0.0298904031033
867, 0.0265191110205, 0.029890520626
868, 0.0265190508773, 0.0298906123142
869, 0.0265189820534, 0.0298906984341
870, 0.0265189086876, 0.0298908161505
871, 0.0265188409241, 0.0298909096291
872, 0.0265187699404, 0.0298910075224
873, 0.0265186943316, 0.0298910954322
874, 0.0265186211199, 0.0298912147045
875, 0.0265185462745, 0.0298913161954
876, 0.0265184809195, 0.0298914182585
877, 0.0265184081014, 0.0298915371446
878, 0.0265183323023, 0.0298916291465
879, 0.0265182595533, 0.0298917322657
880, 0.0265181835082, 0.0298918397937
881, 0.0265181175468, 0.0298919535627
882, 0.0265180485195, 0.029892063156
883, 0.0265179709677, 0.0298921467375
884, 0.0265178913971, 0.029892275395
885, 0.0265178137528, 0.0298923680443
886, 0.0265177483433, 0.0298924593757
887, 0.0265176594668, 0.0298925706886
888, 0.0265175874377, 0.0298926866797
889, 0.0265175016514, 0.0298927728951
890, 0.0265174238448, 0.0298929116217
891, 0.0265173441172, 0.0298930101227
892, 0.0265172726711, 0.0298931221355
893, 0.0265171939991, 0.0298932420248
894, 0.0265171126138, 0.0298933525764
895, 0.0265170354115, 0.0298934476667
896, 0.0265169536128, 0.0298935751827
897, 0.0265168645076, 0.0298936817345
898, 0.0265167921082, 0.0298937936269
899, 0.0265167087984, 0.0298939145094
900, 0.0265166277729, 0.0298940309568
901, 0.0265165504293, 0.0298941253049
902, 0.0265164568307, 0.0298942407663
903, 0.0265163833712, 0.0298943679129
904, 0.026516304852, 0.0298944887406
905, 0.0265162002703, 0.0298945988683
906, 0.0265161263503, 0.0298947241045
907, 0.0265160432894, 0.0298948392679
908, 0.026515954631, 0.0298949559734
909, 0.0265158688404, 0.0298950913035
910, 0.0265157818487, 0.0298951937804
911, 0.0265156885865, 0.0298953125142
912, 0.0265155981845, 0.0298954169454
913, 0.0265155166458, 0.0298955476033
914, 0.0265154303559, 0.0298956778153
915, 0.026515341816, 0.0298958005795
916, 0.0265152479395, 0.029895904542
917, 0.0265151625924, 0.0298960394581
918, 0.0265150745403, 0.0298961729372
919, 0.0265149762275, 0.0298962958857
920, 0.0265148933779, 0.0298964220623
921, 0.0265147998666, 0.0298965503761
922, 0.026514699148, 0.0298966525819
923, 0.0265146105365, 0.0298967948095
924, 0.026514512141, 0.0298969319239
925, 0.0265144251182, 0.0298970441197
926, 0.0265143294074, 0.0298971603387
927, 0.026514238429, 0.0298973131267
928, 0.0265141295625, 0.0298974419735
929, 0.0265140407615, 0.0298975699684
930, 0.0265139513312, 0.0298977101595
931, 0.0265138457422, 0.0298978351196
932, 0.026513755189, 0.0298979492553
933, 0.0265136583918, 0.029898083872
934, 0.026513551291, 0.0298982096415
935, 0.0265134437179, 0.0298983551774
936, 0.0265133578825, 0.0298985053074
937, 0.0265132527868, 0.0298986327004
938, 0.0265131558382, 0.0298987451033
939, 0.0265130533856, 0.0298988720506
940, 0.0265129504486, 0.0298990277655
941, 0.0265128452254, 0.0298991696344
942, 0.0265127408599, 0.0298993086173
943, 0.0265126306988, 0.0298994464758
944, 0.0265125300463, 0.029899592294
945, 0.0265124282125, 0.0298997183574
946, 0.0265123163412, 0.0298998613307
947, 0.0265122180095, 0.0298999950141
948, 0.0265121133024, 0.0299001552667
949, 0.0265120073569, 0.0299002945592
950, 0.0265119032721, 0.0299004095525
951, 0.0265117916562, 0.0299005563797
952, 0.0265116776125, 0.0299006997198
953, 0.0265115730805, 0.0299008323793
954, 0.0265114580106, 0.0299009932054
955, 0.0265113449125, 0.0299011222658
956, 0.0265112329093, 0.0299012848731
957, 0.0265111252508, 0.0299014348935
958, 0.026511006837, 0.0299015808942
959, 0.0265109008907, 0.0299017102969
960, 0.0265107871683, 0.029901857412
961, 0.0265106724472, 0.0299020293618
962, 0.0265105511341, 0.029902166284
963, 0.0265104412905, 0.0299022971297
964, 0.0265103286255, 0.0299024567008
965, 0.0265102167198, 0.0299026059104
966, 0.0265101047482, 0.0299027555624
967, 0.0265099763071, 0.0299028978442
968, 0.0265098563045, 0.0299030554049
969, 0.0265097382188, 0.0299032049697
970, 0.0265096217847, 0.0299033878419
971, 0.026509502936, 0.0299035411389
972, 0.0265093872652, 0.0299036906748
973, 0.0265092652451, 0.0299038261392
974, 0.0265091407645, 0.02990396765
975, 0.0265090223392, 0.0299041280532
976, 0.0265088980686, 0.0299043108595
977, 0.0265087711022, 0.0299044773597
978, 0.026508644315, 0.0299045858877
979, 0.0265085306737, 0.0299047580247
980, 0.0265083946535, 0.0299049243615
981, 0.0265082765002, 0.0299050746969
982, 0.0265081513832, 0.0299052471825
983, 0.0265080269209, 0.0299053869789
984, 0.0265078985601, 0.0299055596772
985, 0.0265077820121, 0.0299057310493
986, 0.0265076475128, 0.0299058993428
987, 0.0265075064448, 0.0299060498512
988, 0.0265073862754, 0.0299062021719
989, 0.0265072566151, 0.0299063463154
990, 0.0265071328862, 0.0299065622351
991, 0.0265070012533, 0.0299067068081
992, 0.0265068647024, 0.029906864583
993, 0.0265067358888, 0.0299070105856
994, 0.0265066027377, 0.0299072070267
995, 0.0265064784588, 0.0299073477242
996, 0.0265063393362, 0.0299075488373
997, 0.0265062118, 0.0299077147661
998, 0.0265060726277, 0.029907859951
999, 0.0265059445032, 0.0299080202683
